0 0
1 1
2 2
3 3
4 4
5 3
6 3
7 5
8 6
9 3
10 0
11 3
12 3
13 3
14 3
15 3
16 3
17 3
18 3
19 3
20 3
21 1
22 6
23 3
24 3
25 3
26 3
27 3
28 3
29 3
30 3
31 3
32 3
33 0
34 3
35 3
36 3
37 3
38 1
39 3
40 3
41 3
42 1
43 3
44 1
45 1
46 3
47 4
48 3
49 3
50 1
51 3
52 3
53 4
54 3
55 1
56 3
57 3
58 3
59 3
60 3
61 3
62 3
63 3
64 3
65 3
66 3
67 2
68 3
69 3
70 3
71 1
72 1
73 3
74 3
75 1
76 3
77 2
78 3
79 6
80 1
81 1
82 4
83 1
84 1
85 4
86 3
87 1
88 1
89 3
90 3
91 3
92 3
93 3
94 3
95 3
96 1
97 3
98 3
99 3
100 4
101 3
102 3
103 3
104 1
105 3
106 1
107 1
108 1
109 1
110 3
111 2
112 3
113 3
114 3
115 3
116 6
117 3
118 3
119 1
120 3
121 1
122 3
123 3
124 3
125 1
126 1
127 3
128 6
129 4
130 3
131 3
132 3
133 1
134 6
135 3
136 1
137 3
138 3
139 3
140 3
141 3
142 1
143 3
144 1
145 3
146 3
147 3
148 3
149 1
150 4
151 1
152 3
153 3
154 2
155 3
156 3
157 3
158 1
159 7
160 3
161 4
162 2
163 3
164 1
165 3
166 3
167 3
168 3
169 3
170 2
171 3
172 3
173 3
174 3
175 3
176 3
177 3
178 5
179 3
180 4
181 3
182 1
183 3
184 3
185 1
186 3
187 3
188 1
189 3
190 3
191 3
192 3
193 1
194 5
195 3
196 3
197 3
198 1
199 0
200 3
201 3
202 3
203 0
204 3
205 3
206 3
207 2
208 3
209 3
210 1
211 5
212 0
213 3
214 3
215 1
216 0
217 3
218 3
219 3
220 3
221 6
222 6
223 3
224 3
225 1
226 1
227 6
228 3
229 3
230 3
231 3
232 3
233 3
234 3
235 3
236 2
237 3
238 4
239 0
240 0
241 4
242 3
243 3
244 4
245 0
246 3
247 3
248 1
249 3
250 3
251 3
252 3
253 1
254 3
255 3
256 3
257 3
258 2
259 2
260 3
261 3
262 3
263 3
264 3
265 3
266 3
267 6
268 3
269 3
270 4
271 2
272 2
273 3
274 1
275 3
276 4
277 1
278 3
279 1
280 3
281 3
282 4
283 7
284 3
285 3
286 3
287 3
288 3
289 2
290 0
291 3
292 3
293 3
294 1
295 3
296 3
297 1
298 1
299 6
300 1
301 7
302 7
303 6
304 3
305 8
306 0
307 3
308 3
309 2
310 1
311 6
312 7
313 3
314 3
315 1
316 3
317 3
318 7
319 1
320 4
321 3
322 1
323 3
324 3
325 3
326 1
327 3
328 1
329 3
330 3
331 4
332 0
333 3
334 3
335 3
336 3
337 6
338 2
339 3
340 3
341 1
342 1
343 1
344 7
345 3
346 3
347 3
348 0
349 7
350 3
351 3
352 0
353 7
354 6
355 1
356 6
357 3
358 3
359 4
360 3
361 3
362 2
363 1
364 3
365 1
366 1
367 3
368 3
369 3
370 0
371 4
372 3
373 5
374 3
375 3
376 0
377 1
378 1
379 7
380 3
381 3
382 0
383 3
384 3
385 1
386 3
387 6
388 6
389 0
390 3
391 1
392 1
393 1
394 1
395 3
396 3
397 4
398 3
399 3
400 3
401 3
402 3
403 3
404 3
405 1
406 3
407 2
408 3
409 3
410 3
411 2
412 6
413 3
414 0
415 6
416 3
417 0
418 0
419 1
420 3
421 1
422 4
423 0
424 3
425 4
426 6
427 1
428 1
429 1
430 1
431 1
432 7
433 0
434 6
435 1
436 1
437 6
438 6
439 5
440 3
441 7
442 8
443 3
444 1
445 3
446 6
447 3
448 6
449 1
450 1
451 3
452 3
453 3
454 0
455 3
456 1
457 1
458 0
459 0
460 3
461 7
462 0
463 3
464 0
465 3
466 3
467 3
468 1
469 1
470 1
471 3
472 3
473 0
474 3
475 3
476 4
477 3
478 0
479 3
480 0
481 3
482 0
483 7
484 3
485 2
486 3
487 0
488 3
489 3
490 3
491 3
492 3
493 1
494 3
495 3
496 3
497 3
498 3
499 7
500 1
501 3
502 1
503 3
504 3
505 3
506 3
507 3
508 3
509 3
510 1
511 5
512 1
513 3
514 3
515 6
516 3
517 1
518 4
519 3
520 3
521 3
522 3
523 1
524 6
525 1
526 1
527 3
528 1
529 4
530 4
531 1
532 4
533 7
534 3
535 7
536 3
537 3
538 7
539 3
540 6
541 1
542 3
543 4
544 7
545 3
546 3
547 2
548 0
549 0
550 3
551 3
552 4
553 1
554 2
555 3
556 3
557 1
558 3
559 0
560 6
561 3
562 3
563 2
564 2
565 3
566 3
567 4
568 6
569 0
570 0
571 3
572 3
573 4
574 2
575 3
576 4
577 4
578 7
579 4
580 3
581 4
582 2
583 3
584 1
585 6
586 7
587 2
588 3
589 3
590 6
591 2
592 3
593 7
594 3
595 0
596 3
597 3
598 1
599 3
600 7
601 3
602 4
603 1
604 7
605 1
606 5
607 3
608 2
609 1
610 3
611 3
612 0
613 3
614 4
615 0
616 3
617 3
618 1
619 2
620 1
621 3
622 3
623 6
624 1
625 1
626 3
627 3
628 1
629 3
630 3
631 1
632 3
633 3
634 3
635 3
636 3
637 0
638 7
639 6
640 1
641 1
642 3
643 3
644 3
645 3
646 3
647 1
648 0
649 4
650 3
651 3
652 1
653 3
654 3
655 4
656 1
657 3
658 1
659 0
660 1
661 5
662 1
663 3
664 3
665 3
666 1
667 2
668 3
669 1
670 1
671 3
672 3
673 1
674 2
675 1
676 1
677 3
678 3
679 1
680 3
681 3
682 3
683 3
684 7
685 7
686 3
687 3
688 3
689 3
690 4
691 3
692 0
693 2
694 1
695 3
696 0
697 1
698 3
699 2
700 0
701 0
702 3
703 3
704 1
705 3
706 3
707 3
708 7
709 7
710 1
711 3
712 7
713 1
714 2
715 3
716 0
717 0
718 3
719 3
720 1
721 3
722 3
723 0
724 3
725 3
726 3
727 3
728 3
729 3
730 3
731 3
732 0
733 3
734 1
735 3
736 3
737 7
738 3
739 3
740 1
741 3
742 3
743 3
744 1
745 7
746 3
747 3
748 6
749 0
750 7
751 3
752 0
753 1
754 3
755 3
756 3
757 6
758 3
759 3
760 3
761 6
762 2
763 3
764 6
765 6
766 3
767 3
768 7
769 0
770 0
771 3
772 3
773 3
774 2
775 1
776 7
777 3
778 3
779 3
780 6
781 3
782 3
783 3
784 3
785 3
786 3
787 3
788 0
789 1
790 0
791 6
792 7
793 1
794 3
795 3
796 3
797 3
798 1
799 0
800 6
801 1
802 6
803 1
804 3
805 3
806 3
807 3
808 6
809 3
810 3
811 5
812 0
813 1
814 1
815 3
816 0
817 0
818 6
819 3
820 2
821 1
822 1
823 3
824 1
825 3
826 7
827 5
828 1
829 1
830 3
831 3
832 0
833 0
834 8
835 1
836 6
837 7
838 6
839 3
840 3
841 2
842 0
843 1
844 3
845 1
846 2
847 1
848 2
849 1
850 2
851 3
852 3
853 1
854 1
855 4
856 0
857 4
858 4
859 5
860 6
861 3
862 3
863 6
864 1
865 7
866 3
867 3
868 4
869 3
870 1
871 1
872 3
873 2
874 3
875 3
876 1
877 3
878 1
879 7
880 1
881 1
882 3
883 3
884 3
885 3
886 3
887 3
888 3
889 6
890 1
891 1
892 3
893 3
894 3
895 3
896 1
897 3
898 3
899 6
900 1
901 3
902 1
903 3
904 3
905 3
906 5
907 2
908 3
909 3
910 3
911 3
912 1
913 3
914 4
915 2
916 3
917 3
918 1
919 3
920 4
921 3
922 6
923 2
924 0
925 3
926 6
927 6
928 3
929 5
930 4
931 1
932 3
933 7
934 3
935 6
936 6
937 3
938 1
939 3
940 5
941 3
942 3
943 3
944 3
945 6
946 3
947 4
948 1
949 3
950 1
951 1
952 0
953 3
954 3
955 4
956 1
957 1
958 3
959 1
960 0
961 7
962 3
963 3
964 3
965 5
966 3
967 3
968 0
969 0
970 3
971 7
972 1
973 3
974 3
975 1
976 3
977 1
978 3
979 3
980 7
981 3
982 3
983 1
984 7
985 3
986 7
987 5
988 1
989 7
990 1
991 3
992 1
993 6
994 7
995 1
996 3
997 3
998 3
999 3
1000 3
1001 1
1002 7
1003 2
1004 7
1005 3
1006 5
1007 3
1008 0
1009 3
1010 7
1011 3
1012 3
1013 5
1014 3
1015 1
1016 3
1017 3
1018 1
1019 3
1020 3
1021 3
1022 3
1023 3
1024 7
1025 3
1026 1
1027 3
1028 3
1029 2
1030 3
1031 3
1032 3
1033 1
1034 1
1035 2
1036 3
1037 7
1038 3
1039 4
1040 0
1041 7
1042 3
1043 1
1044 4
1045 6
1046 3
1047 3
1048 0
1049 4
1050 7
1051 7
1052 3
1053 3
1054 1
1055 1
1056 7
1057 3
1058 1
1059 6
1060 1
1061 6
1062 1
1063 1
1064 0
1065 2
1066 1
1067 2
1068 7
1069 3
1070 3
1071 2
1072 0
1073 3
1074 4
1075 3
1076 0
1077 7
1078 1
1079 7
1080 7
1081 7
1082 3
1083 3
1084 3
1085 4
1086 3
1087 3
1088 4
1089 3
1090 0
1091 3
1092 2
1093 3
1094 0
1095 3
1096 3
1097 2
1098 3
1099 3
1100 3
1101 5
1102 7
1103 2
1104 3
1105 7
1106 1
1107 3
1108 7
1109 2
1110 5
1111 1
1112 3
1113 3
1114 3
1115 7
1116 3
1117 4
1118 3
1119 3
1120 3
1121 2
1122 3
1123 3
1124 1
1125 5
1126 4
1127 0
1128 6
1129 3
1130 2
1131 0
1132 1
1133 3
1134 3
1135 0
1136 6
1137 3
1138 4
1139 0
1140 3
1141 3
1142 1
1143 2
1144 3
1145 1
1146 1
1147 0
1148 1
1149 0
1150 5
1151 6
1152 0
1153 3
1154 0
1155 0
1156 3
1157 3
1158 1
1159 0
1160 3
1161 6
1162 3
1163 1
1164 1
1165 1
1166 1
1167 3
1168 4
1169 1
1170 8
1171 1
1172 3
1173 1
1174 1
1175 3
1176 1
1177 3
1178 1
1179 5
1180 1
1181 3
1182 5
1183 0
1184 3
1185 1
1186 7
1187 1
1188 3
1189 0
1190 1
1191 1
1192 3
1193 3
1194 3
1195 5
1196 1
1197 3
1198 6
1199 1
1200 3
1201 2
1202 3
1203 8
1204 2
1205 5
1206 6
1207 0
1208 3
1209 7
1210 6
1211 6
1212 5
1213 0
1214 3
1215 6
1216 2
1217 3
1218 3
1219 3
1220 1
1221 3
1222 8
1223 6
1224 3
1225 2
1226 4
1227 3
1228 3
1229 3
1230 3
1231 3
1232 2
1233 0
1234 6
1235 3
1236 5
1237 5
1238 1
1239 3
1240 1
1241 2
1242 2
1243 0
1244 7
1245 1
1246 6
1247 3
1248 3
1249 5
1250 8
1251 1
1252 7
1253 4
1254 1
1255 1
1256 3
1257 2
1258 3
1259 0
1260 3
1261 3
1262 0
1263 3
1264 0
1265 3
1266 3
1267 4
1268 0
1269 5
1270 3
1271 3
1272 2
1273 2
1274 6
1275 3
1276 3
1277 3
1278 3
1279 6
1280 3
1281 6
1282 3
1283 7
1284 7
1285 6
1286 3
1287 1
1288 1
1289 3
1290 6
1291 1
1292 3
1293 1
1294 2
1295 3
1296 4
1297 1
1298 3
1299 6
1300 0
1301 2
1302 5
1303 0
1304 3
1305 3
1306 1
1307 3
1308 1
1309 1
1310 0
1311 6
1312 3
1313 0
1314 6
1315 3
1316 3
1317 3
1318 3
1319 2
1320 0
1321 3
1322 3
1323 7
1324 1
1325 3
1326 4
1327 3
1328 3
1329 3
1330 3
1331 3
1332 3
1333 3
1334 1
1335 3
1336 0
1337 1
1338 1
1339 3
1340 3
1341 1
1342 5
1343 5
1344 6
1345 6
1346 2
1347 3
1348 3
1349 3
1350 0
1351 4
1352 3
1353 3
1354 1
1355 1
1356 3
1357 0
1358 0
1359 3
1360 1
1361 6
1362 6
1363 3
1364 0
1365 3
1366 1
1367 1
1368 3
1369 7
1370 3
1371 3
1372 2
1373 2
1374 1
1375 3
1376 0
1377 3
1378 0
1379 1
1380 3
1381 3
1382 3
1383 1
1384 3
1385 3
1386 3
1387 1
1388 3
1389 3
1390 6
1391 4
1392 1
1393 3
1394 3
1395 3
1396 3
1397 2
1398 3
1399 0
1400 1
1401 7
1402 1
1403 1
1404 3
1405 3
1406 1
1407 3
1408 3
1409 1
1410 3
1411 3
1412 0
1413 9
1414 6
1415 3
1416 3
1417 3
1418 3
1419 3
1420 6
1421 0
1422 3
1423 3
1424 1
1425 1
1426 8
1427 1
1428 6
1429 3
1430 1
1431 1
1432 1
1433 1
1434 3
1435 2
1436 3
1437 3
1438 3
1439 2
1440 3
1441 6
1442 2
1443 0
1444 1
1445 1
1446 2
1447 2
1448 3
1449 1
1450 0
1451 2
1452 6
1453 3
1454 3
1455 3
1456 2
1457 1
1458 3
1459 3
1460 6
1461 2
1462 1
1463 3
1464 1
1465 3
1466 2
1467 2
1468 6
1469 2
1470 1
1471 6
1472 6
1473 6
1474 2
1475 0
1476 3
1477 3
1478 3
1479 1
1480 3
1481 3
1482 0
1483 3
1484 3
1485 4
1486 3
1487 6
1488 0
1489 3
1490 3
1491 2
1492 6
1493 1
1494 6
1495 2
1496 2
1497 1
1498 3
1499 2
1500 3
1501 3
1502 2
1503 3
1504 3
1505 3
1506 1
1507 0
1508 6
1509 3
1510 2
1511 7
1512 3
1513 3
1514 3
1515 4
1516 6
1517 2
1518 1
1519 1
1520 2
1521 7
1522 3
1523 3
1524 0
1525 1
1526 1
1527 0
1528 6
1529 1
1530 1
1531 3
1532 3
1533 3
1534 1
1535 3
1536 3
1537 3
1538 0
1539 2
1540 3
1541 6
1542 1
1543 6
1544 3
1545 7
1546 5
1547 2
1548 2
1549 1
1550 6
1551 1
1552 3
1553 1
1554 1
1555 3
1556 3
1557 3
1558 1
1559 1
1560 6
1561 4
1562 1
1563 4
1564 3
1565 6
1566 1
1567 7
1568 1
1569 3
1570 7
1571 3
1572 4
1573 3
1574 3
1575 2
1576 1
1577 4
1578 4
1579 0
1580 3
1581 2
1582 3
1583 7
1584 2
1585 3
1586 1
1587 1
1588 1
1589 6
1590 3
1591 1
1592 1
1593 3
1594 3
1595 1
1596 1
1597 3
1598 3
1599 1
1600 2
1601 3
1602 3
1603 3
1604 4
1605 3
1606 3
1607 3
1608 1
1609 2
1610 1
1611 3
1612 1
1613 3
1614 1
1615 6
1616 3
1617 3
1618 4
1619 3
1620 3
1621 3
1622 2
1623 3
1624 1
1625 3
1626 2
1627 3
1628 3
1629 3
1630 6
1631 3
1632 3
1633 3
1634 1
1635 1
1636 1
1637 5
1638 4
1639 3
1640 2
1641 3
1642 3
1643 0
1644 8
1645 1
1646 7
1647 0
1648 3
1649 1
1650 6
1651 3
1652 3
1653 4
1654 3
1655 6
1656 3
1657 2
1658 0
1659 1
1660 3
1661 1
1662 3
1663 1
1664 3
1665 1
1666 2
1667 0
1668 7
1669 2
1670 2
1671 1
1672 1
1673 3
1674 3
1675 0
1676 6
1677 1
1678 6
1679 3
1680 4
1681 3
1682 1
1683 0
1684 3
1685 2
1686 3
1687 3
1688 6
1689 1
1690 3
1691 6
1692 6
1693 3
1694 1
1695 2
1696 2
1697 1
1698 3
1699 1
1700 3
1701 1
1702 3
1703 3
1704 1
1705 1
1706 0
1707 0
1708 3
1709 1
1710 6
1711 0
1712 3
1713 1
1714 1
1715 6
1716 1
1717 2
1718 1
1719 3
1720 0
1721 3
1722 1
1723 2
1724 6
1725 3
1726 1
1727 3
1728 2
1729 3
1730 3
1731 3
1732 1
1733 3
1734 7
1735 4
1736 3
1737 4
1738 3
1739 2
1740 3
1741 3
1742 2
1743 3
1744 6
1745 5
1746 1
1747 3
1748 1
1749 8
1750 6
1751 3
1752 1
1753 3
1754 8
1755 2
1756 0
1757 1
1758 2
1759 1
1760 1
1761 1
1762 2
1763 3
1764 0
1765 4
1766 0
1767 6
1768 0
1769 1
1770 1
1771 1
1772 1
1773 1
1774 6
1775 3
1776 3
1777 0
1778 2
1779 4
1780 1
1781 1
1782 1
1783 3
1784 8
1785 2
1786 4
1787 2
1788 1
1789 1
1790 2
1791 6
1792 0
1793 0
1794 3
1795 7
1796 3
1797 7
1798 3
1799 1
1800 2
1801 3
1802 1
1803 0
1804 3
1805 1
1806 2
1807 2
1808 1
1809 3
1810 0
1811 1
1812 2
1813 6
1814 1
1815 6
1816 9
1817 7
1818 2
1819 3
1820 3
1821 8
1822 1
1823 3
1824 3
1825 2
1826 3
1827 0
1828 3
1829 3
1830 2
1831 0
1832 3
1833 6
1834 3
1835 6
1836 3
1837 3
1838 1
1839 6
1840 8
1841 3
1842 1
1843 6
1844 3
1845 3
1846 3
1847 3
1848 0
1849 0
1850 3
1851 3
1852 6
1853 1
1854 1
1855 3
1856 1
1857 0
1858 4
1859 1
1860 2
1861 6
1862 2
1863 1
1864 3
1865 1
1866 1
1867 3
1868 1
1869 3
1870 6
1871 0
1872 1
1873 3
1874 6
1875 3
1876 1
1877 3
1878 3
1879 1
1880 1
1881 7
1882 2
1883 2
1884 3
1885 2
1886 2
1887 3
1888 3
1889 3
1890 4
1891 1
1892 3
1893 3
1894 3
1895 5
1896 7
1897 3
1898 1
1899 2
1900 6
1901 1
1902 2
1903 6
1904 2
1905 6
1906 1
1907 1
1908 6
1909 3
1910 1
1911 2
1912 6
1913 1
1914 3
1915 3
1916 4
1917 6
1918 1
1919 0
1920 3
1921 1
1922 2
1923 3
1924 3
1925 6
1926 0
1927 1
1928 3
1929 3
1930 1
1931 2
1932 3
1933 3
1934 1
1935 2
1936 2
1937 3
1938 3
1939 3
1940 1
1941 1
1942 6
1943 1
1944 3
1945 3
1946 3
1947 6
1948 0
1949 6
1950 1
1951 1
1952 3
1953 3
1954 3
1955 1
1956 3
1957 3
1958 2
1959 6
1960 0
1961 3
1962 2
1963 3
1964 1
1965 3
1966 2
1967 0
1968 1
1969 7
1970 1
1971 1
1972 3
1973 1
1974 3
1975 1
1976 2
1977 1
1978 2
1979 3
1980 3
1981 1
1982 1
1983 6
1984 4
1985 1
1986 3
1987 1
1988 1
1989 1
1990 2
1991 7
1992 1
1993 1
1994 1
1995 1
1996 3
1997 2
1998 6
1999 1
2000 3
2001 3
2002 1
2003 2
2004 2
2005 2
2006 3
2007 3
2008 1
2009 2
2010 1
2011 2
2012 3
2013 3
2014 3
2015 1
2016 6
2017 1
2018 3
2019 3
2020 0
2021 3
2022 3
2023 6
2024 3
2025 1
2026 0
2027 1
2028 3
2029 3
2030 6
2031 1
2032 2
2033 1
2034 2
2035 2
2036 1
2037 6
2038 0
2039 1
2040 1
2041 2
2042 9
2043 0
2044 3
2045 3
2046 0
2047 3
2048 1
2049 0
2050 3
2051 2
2052 1
2053 2
2054 1
2055 1
2056 0
2057 6
2058 1
2059 3
2060 4
2061 3
2062 6
2063 3
2064 6
2065 3
2066 3
2067 1
2068 1
2069 2
2070 1
2071 3
2072 2
2073 6
2074 1
2075 2
2076 3
2077 3
2078 1
2079 0
2080 3
2081 0
2082 6
2083 3
2084 3
2085 3
2086 1
2087 3
2088 2
2089 1
2090 3
2091 2
2092 1
2093 3
2094 1
2095 3
2096 3
2097 1
2098 4
2099 0
2100 7
2101 5
2102 2
2103 2
2104 1
2105 3
2106 6
2107 3
2108 1
2109 6
2110 3
2111 2
2112 3
2113 1
2114 6
2115 6
2116 1
2117 4
2118 7
2119 0
2120 6
2121 6
2122 1
2123 1
2124 1
2125 7
2126 8
2127 3
2128 1
2129 4
2130 3
2131 3
2132 1
2133 3
2134 0
2135 1
2136 2
2137 2
2138 6
2139 3
2140 0
2141 3
2142 3
2143 3
2144 0
2145 3
2146 1
2147 0
2148 2
2149 1
2150 1
2151 7
2152 0
2153 0
2154 3
2155 6
2156 2
2157 2
2158 1
2159 0
2160 2
2161 4
2162 4
2163 1
2164 1
2165 2
2166 1
2167 6
2168 1
2169 6
2170 0
2171 0
2172 1
2173 4
2174 2
2175 1
2176 3
2177 1
2178 2
2179 3
2180 3
2181 6
2182 1
2183 3
2184 3
2185 3
2186 2
2187 6
2188 1
2189 3
2190 6
2191 3
2192 3
2193 0
2194 4
2195 2
2196 2
2197 3
2198 3
2199 6
2200 2
2201 6
2202 1
2203 3
2204 1
2205 1
2206 5
2207 1
2208 4
2209 1
2210 4
2211 1
2212 0
2213 3
2214 4
2215 0
2216 1
2217 2
2218 1
2219 1
2220 1
2221 1
2222 4
2223 0
2224 1
2225 3
2226 0
2227 3
2228 2
2229 3
2230 2
2231 3
2232 1
2233 7
2234 6
2235 0
2236 0
2237 3
2238 4
2239 1
2240 6
2241 8
2242 0
2243 6
2244 3
2245 1
2246 3
2247 6
2248 3
2249 5
2250 3
2251 3
2252 6
2253 1
2254 0
2255 6
2256 2
2257 1
2258 1
2259 3
2260 3
2261 3
2262 1
2263 1
2264 3
2265 1
2266 0
2267 2
2268 6
2269 3
2270 1
2271 3
2272 4
2273 1
2274 1
2275 3
2276 3
2277 1
2278 1
2279 1
2280 3
2281 1
2282 1
2283 3
2284 3
2285 6
2286 0
2287 3
2288 1
2289 2
2290 6
2291 1
2292 1
2293 6
2294 3
2295 4
2296 1
2297 4
2298 0
2299 3
2300 1
2301 3
2302 8
2303 2
2304 6
2305 1
2306 5
2307 2
2308 3
2309 0
2310 1
2311 3
2312 0
2313 3
2314 6
2315 4
2316 1
2317 4
2318 3
2319 7
2320 1
2321 3
2322 3
2323 1
2324 2
2325 3
2326 2
2327 1
2328 0
2329 0
2330 3
2331 6
2332 1
2333 1
2334 3
2335 0
2336 3
2337 3
2338 1
2339 2
2340 2
2341 3
2342 1
2343 7
2344 6
2345 0
2346 7
2347 2
2348 5
2349 6
2350 7
2351 0
2352 6
2353 3
2354 3
2355 2
2356 2
2357 3
2358 3
2359 6
2360 1
2361 1
2362 7
2363 3
2364 3
2365 2
2366 3
2367 3
2368 3
2369 7
2370 1
2371 1
2372 0
2373 1
2374 7
2375 3
2376 1
2377 2
2378 6
2379 1
2380 1
2381 1
2382 4
2383 1
2384 1
2385 3
2386 1
2387 3
2388 2
2389 6
2390 5
2391 2
2392 2
2393 2
2394 0
2395 2
2396 2
2397 6
2398 0
2399 2
2400 2
2401 2
2402 4
2403 1
2404 2
2405 6
2406 3
2407 3
2408 3
2409 3
2410 0
2411 0
2412 2
2413 3
2414 6
2415 6
2416 0
2417 2
2418 0
2419 6
2420 7
2421 3
2422 2
2423 1
2424 1
2425 3
2426 3
2427 3
2428 3
2429 0
2430 1
2431 7
2432 6
2433 1
2434 0
2435 3
2436 6
2437 1
2438 1
2439 1
2440 0
2441 3
2442 0
2443 1
2444 1
2445 0
2446 6
2447 2
2448 2
2449 4
2450 2
2451 2
2452 6
2453 5
2454 4
2455 3
2456 6
2457 1
2458 3
2459 3
2460 1
2461 2
2462 4
2463 1
2464 1
2465 2
2466 1
2467 7
2468 6
2469 2
2470 5
2471 3
2472 0
2473 1
2474 2
2475 3
2476 3
2477 2
2478 3
2479 0
2480 2
2481 3
2482 2
2483 6
2484 3
2485 1
2486 1
2487 4
2488 2
2489 0
2490 2
2491 3
2492 6
2493 1
2494 1
2495 5
2496 6
2497 6
2498 8
2499 3
2500 4
2501 1
2502 1
2503 3
2504 1
2505 3
2506 3
2507 1
2508 3
2509 1
2510 3
2511 2
2512 5
2513 3
2514 1
2515 3
2516 0
2517 3
2518 0
2519 2
2520 2
2521 1
2522 3
2523 1
2524 2
2525 1
2526 3
2527 1
2528 2
2529 1
2530 3
2531 3
2532 3
2533 0
2534 1
2535 3
2536 2
2537 7
2538 1
2539 1
2540 2
2541 9
2542 1
2543 1
2544 2
2545 2
2546 6
2547 7
2548 0
2549 3
2550 6
2551 1
2552 2
2553 2
2554 1
2555 3
2556 3
2557 7
2558 3
2559 1
2560 1
2561 2
2562 1
2563 2
2564 1
2565 1
2566 1
2567 1
2568 1
2569 3
2570 1
2571 0
2572 3
2573 1
2574 7
2575 2
2576 3
2577 2
2578 3
2579 1
2580 1
2581 1
2582 3
2583 3
2584 3
2585 6
2586 3
2587 1
2588 2
2589 1
2590 1
2591 0
2592 3
2593 3
2594 2
2595 2
2596 3
2597 6
2598 3
2599 3
2600 1
2601 1
2602 2
2603 3
2604 2
2605 1
2606 4
2607 2
2608 1
2609 1
2610 3
2611 1
2612 2
2613 3
2614 2
2615 1
2616 1
2617 3
2618 6
2619 2
2620 2
2621 6
2622 1
2623 6
2624 2
2625 0
2626 2
2627 3
2628 1
2629 0
2630 4
2631 2
2632 1
2633 4
2634 1
2635 1
2636 1
2637 4
2638 3
2639 6
2640 7
2641 0
2642 1
2643 2
2644 1
2645 3
2646 2
2647 1
2648 1
2649 3
2650 2
2651 2
2652 9
2653 3
2654 4
2655 5
2656 1
2657 3
2658 1
2659 0
2660 5
2661 2
2662 1
2663 6
2664 0
2665 1
2666 1
2667 0
2668 1
2669 1
2670 3
2671 3
2672 3
2673 3
2674 6
2675 3
2676 6
2677 3
2678 1
2679 1
2680 0
2681 2
2682 6
2683 1
2684 1
2685 1
2686 3
2687 8
2688 1
2689 1
2690 7
2691 1
2692 3
2693 1
2694 2
2695 1
2696 8
2697 1
2698 2
2699 3
2700 6
2701 2
2702 5
2703 1
2704 3
2705 1
2706 3
2707 2
2708 1
2709 3
2710 0
2711 3
2712 0
2713 2
2714 7
2715 0
2716 3
2717 3
2718 3
2719 6
2720 1
2721 3
2722 1
2723 6
2724 1
2725 0
2726 3
2727 2
2728 3
2729 3
2730 6
2731 1
2732 6
2733 6
2734 4
2735 1
2736 2
2737 2
2738 6
2739 6
2740 6
2741 0
2742 1
2743 2
2744 1
2745 1
2746 1
2747 3
2748 6
2749 3
2750 3
2751 3
2752 1
2753 3
2754 2
2755 1
2756 3
2757 2
2758 3
2759 6
2760 1
2761 0
2762 3
2763 6
2764 3
2765 1
2766 1
2767 1
2768 6
2769 2
2770 1
2771 4
2772 0
2773 0
2774 3
2775 1
2776 1
2777 3
2778 3
2779 0
2780 1
2781 3
2782 3
2783 1
2784 1
2785 2
2786 3
2787 1
2788 1
2789 3
2790 3
2791 2
2792 7
2793 1
2794 6
2795 5
2796 3
2797 5
2798 1
2799 9
2800 3
2801 6
2802 2
2803 1
2804 3
2805 2
2806 1
2807 1
2808 1
2809 3
2810 0
2811 2
2812 3
2813 0
2814 3
2815 0
2816 1
2817 2
2818 3
2819 3
2820 2
2821 2
2822 1
2823 1
2824 1
2825 1
2826 3
2827 1
2828 1
2829 7
2830 9
2831 3
2832 2
2833 6
2834 0
2835 2
2836 3
2837 2
2838 7
2839 1
2840 1
2841 3
2842 3
2843 4
2844 1
2845 0
2846 6
2847 5
2848 0
2849 3
2850 1
2851 2
2852 0
2853 3
2854 3
2855 3
2856 6
2857 2
2858 0
2859 2
2860 2
2861 0
2862 1
2863 1
2864 0
2865 9
2866 6
2867 2
2868 3
2869 3
2870 3
2871 1
2872 1
2873 2
2874 6
2875 3
2876 0
2877 1
2878 1
2879 3
2880 2
2881 3
2882 0
2883 3
2884 2
2885 1
2886 3
2887 1
2888 1
2889 1
2890 1
2891 1
2892 3
2893 9
2894 1
2895 3
2896 3
2897 1
2898 0
2899 2
2900 2
2901 3
2902 2
2903 1
2904 3
2905 3
2906 1
2907 4
2908 6
2909 1
2910 3
2911 3
2912 3
2913 7
2914 0
2915 1
2916 3
2917 1
2918 5
2919 4
2920 6
2921 2
2922 3
2923 1
2924 1
2925 1
2926 2
2927 6
2928 1
2929 2
2930 6
2931 3
2932 6
2933 2
2934 0
2935 1
2936 3
2937 5
2938 6
2939 1
2940 2
2941 1
2942 1
2943 3
2944 2
2945 0
2946 1
2947 3
2948 3
2949 8
2950 1
2951 2
2952 3
2953 5
2954 3
2955 1
2956 1
2957 9
2958 1
2959 3
2960 2
2961 1
2962 2
2963 3
2964 1
2965 1
2966 3
2967 3
2968 3
2969 3
2970 1
2971 2
2972 1
2973 2
2974 1
2975 2
2976 6
2977 2
2978 3
2979 3
2980 2
2981 3
2982 6
2983 1
2984 4
2985 1
2986 1
2987 1
2988 3
2989 1
2990 2
2991 0
2992 2
2993 1
2994 0
2995 2
2996 7
2997 1
2998 1
2999 0
3000 1
3001 1
3002 3
3003 6
3004 1
3005 1
3006 3
3007 1
3008 3
3009 3
3010 3
3011 3
3012 3
3013 8
3014 3
3015 1
3016 1
3017 1
3018 3
3019 1
3020 3
3021 2
3022 0
3023 2
3024 1
3025 1
3026 1
3027 1
3028 1
3029 2
3030 2
3031 6
3032 7
3033 1
3034 1
3035 0
3036 3
3037 1
3038 1
3039 2
3040 2
3041 1
3042 7
3043 2
3044 1
3045 9
3046 7
3047 2
3048 2
3049 6
3050 6
3051 6
3052 1
3053 2
3054 2
3055 3
3056 1
3057 3
3058 3
3059 2
3060 2
3061 3
3062 1
3063 3
3064 1
3065 4
3066 6
3067 2
3068 6
3069 2
3070 1
3071 4
3072 3
3073 3
3074 1
3075 3
3076 3
3077 1
3078 1
3079 2
3080 6
3081 0
3082 2
3083 1
3084 1
3085 2
3086 1
3087 6
3088 1
3089 1
3090 5
3091 1
3092 2
3093 1
3094 3
3095 3
3096 1
3097 3
3098 3
3099 1
3100 2
3101 2
3102 1
3103 6
3104 3
3105 7
3106 1
3107 7
3108 2
3109 6
3110 6
3111 3
3112 0
3113 5
3114 6
3115 3
3116 3
3117 3
3118 3
3119 6
3120 1
3121 6
3122 9
3123 3
3124 1
3125 2
3126 2
3127 3
3128 1
3129 1
3130 0
3131 0
3132 1
3133 1
3134 5
3135 1
3136 1
3137 6
3138 2
3139 2
3140 1
3141 1
3142 2
3143 1
3144 3
3145 1
3146 0
3147 1
3148 2
3149 2
3150 2
3151 4
3152 3
3153 1
3154 3
3155 1
3156 2
3157 4
3158 7
3159 6
3160 3
3161 1
3162 3
3163 1
3164 1
3165 1
3166 6
3167 3
3168 0
3169 7
3170 2
3171 3
3172 2
3173 1
3174 1
3175 3
3176 1
3177 1
3178 1
3179 0
3180 0
3181 0
3182 6
3183 3
3184 6
3185 0
3186 1
3187 1
3188 3
3189 2
3190 0
3191 3
3192 1
3193 6
3194 2
3195 0
3196 1
3197 1
3198 1
3199 6
3200 2
3201 1
3202 1
3203 8
3204 0
3205 2
3206 3
3207 9
3208 4
3209 3
3210 3
3211 1
3212 2
3213 3
3214 0
3215 0
3216 1
3217 3
3218 1
3219 3
3220 3
3221 1
3222 2
3223 6
3224 1
3225 2
3226 1
3227 1
3228 3
3229 6
3230 2
3231 6
3232 1
3233 2
3234 6
3235 2
3236 2
3237 1
3238 6
3239 3
3240 0
3241 1
3242 1
3243 8
3244 3
3245 3
3246 1
3247 2
3248 2
3249 3
3250 1
3251 3
3252 2
3253 1
3254 3
3255 2
3256 1
3257 3
3258 1
3259 0
3260 4
3261 0
3262 1
3263 6
3264 7
3265 1
3266 2
3267 3
3268 3
3269 0
3270 1
3271 3
3272 6
3273 4
3274 4
3275 1
3276 1
3277 1
3278 2
3279 3
3280 3
3281 1
3282 1
3283 1
3284 1
3285 3
3286 1
3287 1
3288 1
3289 3
3290 0
3291 1
3292 1
3293 8
3294 3
3295 2
3296 3
3297 2
3298 1
3299 1
3300 7
3301 1
3302 3
3303 5
3304 3
3305 3
3306 1
3307 1
3308 2
3309 3
3310 4
3311 1
3312 0
3313 3
3314 2
3315 1
3316 6
3317 1
3318 3
3319 1
3320 1
3321 2
3322 1
3323 4
3324 6
3325 1
3326 3
3327 6
3328 1
3329 6
3330 3
3331 1
3332 0
3333 0
3334 1
3335 3
3336 6
3337 0
3338 2
3339 2
3340 4
3341 3
3342 0
3343 1
3344 1
3345 4
3346 2
3347 6
3348 4
3349 1
3350 1
3351 1
3352 1
3353 5
3354 1
3355 6
3356 6
3357 1
3358 2
3359 3
3360 3
3361 2
3362 1
3363 7
3364 3
3365 6
3366 2
3367 6
3368 2
3369 6
3370 3
3371 1
3372 3
3373 2
3374 7
3375 1
3376 6
3377 0
3378 8
3379 2
3380 1
3381 8
3382 0
3383 1
3384 3
3385 1
3386 1
3387 3
3388 7
3389 2
3390 5
3391 0
3392 0
3393 1
3394 2
3395 6
3396 3
3397 1
3398 2
3399 6
3400 3
3401 1
3402 0
3403 2
3404 3
3405 1
3406 1
3407 1
3408 6
3409 0
3410 3
3411 2
3412 3
3413 3
3414 1
3415 3
3416 2
3417 0
3418 3
3419 3
3420 0
3421 3
3422 1
3423 1
3424 4
3425 1
3426 2
3427 1
3428 1
3429 0
3430 0
3431 1
3432 2
3433 6
3434 1
3435 4
3436 3
3437 6
3438 1
3439 2
3440 2
3441 6
3442 6
3443 5
3444 3
3445 1
3446 3
3447 6
3448 2
3449 1
3450 1
3451 2
3452 7
3453 1
3454 6
3455 6
3456 1
3457 2
3458 2
3459 1
3460 1
3461 2
3462 1
3463 0
3464 7
3465 1
3466 3
3467 8
3468 0
3469 3
3470 1
3471 2
3472 1
3473 3
3474 2
3475 1
3476 3
3477 1
3478 2
3479 2
3480 2
3481 7
3482 1
3483 2
3484 3
3485 2
3486 2
3487 1
3488 6
3489 6
3490 1
3491 5
3492 1
3493 6
3494 8
3495 1
3496 0
3497 3
3498 7
3499 2
3500 6
3501 3
3502 0
3503 0
3504 2
3505 0
3506 7
3507 3
3508 7
3509 1
3510 1
3511 1
3512 4
3513 1
3514 1
3515 1
3516 1
3517 1
3518 1
3519 6
3520 2
3521 1
3522 1
3523 0
3524 2
3525 3
3526 0
3527 1
3528 6
3529 3
3530 0
3531 3
3532 3
3533 3
3534 1
3535 6
3536 4
3537 3
3538 2
3539 6
3540 1
3541 6
3542 3
3543 0
3544 2
3545 2
3546 3
3547 2
3548 1
3549 1
3550 1
3551 1
3552 1
3553 2
3554 2
3555 1
3556 1
3557 2
3558 1
3559 0
3560 2
3561 1
3562 6
3563 2
3564 0
3565 1
3566 1
3567 9
3568 1
3569 1
3570 2
3571 0
3572 1
3573 1
3574 0
3575 3
3576 6
3577 1
3578 5
3579 6
3580 0
3581 1
3582 0
3583 1
3584 0
3585 4
3586 1
3587 0
3588 0
3589 1
3590 2
3591 2
3592 4
3593 1
3594 4
3595 3
3596 9
3597 1
3598 1
3599 1
3600 0
3601 1
3602 1
3603 8
3604 1
3605 3
3606 2
3607 1
3608 3
3609 0
3610 1
3611 7
3612 0
3613 5
3614 4
3615 3
3616 5
3617 4
3618 3
3619 2
3620 9
3621 3
3622 3
3623 1
3624 6
3625 5
3626 1
3627 6
3628 1
3629 0
3630 1
3631 3
3632 4
3633 1
3634 3
3635 6
3636 3
3637 3
3638 2
3639 1
3640 1
3641 0
3642 1
3643 1
3644 0
3645 1
3646 3
3647 9
3648 1
3649 1
3650 3
3651 0
3652 3
3653 0
3654 1
3655 3
3656 4
3657 0
3658 3
3659 1
3660 2
3661 6
3662 2
3663 6
3664 3
3665 2
3666 1
3667 1
3668 3
3669 7
3670 2
3671 1
3672 6
3673 1
3674 4
3675 1
3676 3
3677 3
3678 2
3679 3
3680 0
3681 3
3682 3
3683 3
3684 4
3685 5
3686 2
3687 0
3688 3
3689 5
3690 6
3691 3
3692 2
3693 1
3694 1
3695 1
3696 1
3697 1
3698 7
3699 0
3700 2
3701 1
3702 2
3703 1
3704 1
3705 1
3706 1
3707 3
3708 2
3709 3
3710 1
3711 1
3712 1
3713 1
3714 3
3715 3
3716 3
3717 1
3718 2
3719 6
3720 1
3721 1
3722 1
3723 1
3724 1
3725 1
3726 1
3727 2
3728 7
3729 1
3730 1
3731 1
3732 0
3733 6
3734 1
3735 1
3736 4
3737 4
3738 3
3739 2
3740 2
3741 1
3742 1
3743 1
3744 6
3745 4
3746 0
3747 2
3748 1
3749 3
3750 5
3751 3
3752 1
3753 3
3754 8
3755 2
3756 1
3757 2
3758 3
3759 1
3760 3
3761 6
3762 2
3763 2
3764 1
3765 1
3766 1
3767 3
3768 2
3769 5
3770 1
3771 1
3772 0
3773 6
3774 4
3775 8
3776 0
3777 6
3778 0
3779 8
3780 3
3781 4
3782 7
3783 3
3784 1
3785 1
3786 1
3787 4
3788 2
3789 3
3790 1
3791 1
3792 3
3793 1
3794 1
3795 3
3796 1
3797 0
3798 3
3799 1
3800 6
3801 3
3802 0
3803 2
3804 0
3805 3
3806 2
3807 3
3808 0
3809 2
3810 2
3811 3
3812 2
3813 1
3814 2
3815 1
3816 6
3817 1
3818 1
3819 2
3820 2
3821 2
3822 1
3823 1
3824 2
3825 1
3826 0
3827 0
3828 1
3829 2
3830 3
3831 2
3832 1
3833 2
3834 1
3835 1
3836 6
3837 8
3838 6
3839 1
3840 6
3841 0
3842 6
3843 2
3844 2
3845 1
3846 1
3847 3
3848 5
3849 1
3850 1
3851 1
3852 1
3853 5
3854 0
3855 2
3856 6
3857 3
3858 6
3859 0
3860 0
3861 3
3862 1
3863 3
3864 3
3865 1
3866 2
3867 2
3868 2
3869 0
3870 1
3871 1
3872 0
3873 1
3874 3
3875 1
3876 9
3877 2
3878 0
3879 1
3880 3
3881 1
3882 1
3883 1
3884 1
3885 1
3886 1
3887 2
3888 3
3889 6
3890 3
3891 1
3892 6
3893 1
3894 1
3895 3
3896 3
3897 2
3898 0
3899 3
3900 3
3901 1
3902 2
3903 3
3904 3
3905 4
3906 1
3907 7
3908 2
3909 1
3910 0
3911 1
3912 3
3913 6
3914 1
3915 1
3916 1
3917 2
3918 1
3919 2
3920 1
3921 1
3922 0
3923 1
3924 3
3925 3
3926 5
3927 1
3928 1
3929 0
3930 2
3931 1
3932 6
3933 1
3934 1
3935 6
3936 1
3937 3
3938 1
3939 1
3940 1
3941 6
3942 7
3943 0
3944 3
3945 6
3946 1
3947 1
3948 2
3949 1
3950 2
3951 1
3952 0
3953 1
3954 0
3955 3
3956 3
3957 1
3958 1
3959 3
3960 6
3961 3
3962 3
3963 1
3964 3
3965 9
3966 3
3967 3
3968 0
3969 1
3970 2
3971 1
3972 3
3973 1
3974 3
3975 2
3976 1
3977 0
3978 3
3979 3
3980 3
3981 1
3982 1
3983 1
3984 3
3985 3
3986 3
3987 2
3988 1
3989 8
3990 1
3991 6
3992 3
3993 0
3994 2
3995 6
3996 2
3997 7
3998 1
3999 3
4000 1
4001 1
4002 1
4003 3
4004 8
4005 2
4006 2
4007 3
4008 3
4009 0
4010 3
4011 0
4012 1
4013 2
4014 3
4015 2
4016 7
4017 3
4018 6
4019 2
4020 3
4021 3
4022 1
4023 7
4024 1
4025 0
4026 3
4027 8
4028 3
4029 3
4030 1
4031 1
4032 3
4033 1
4034 1
4035 2
4036 6
4037 6
4038 0
4039 6
4040 3
4041 2
4042 0
4043 1
4044 3
4045 3
4046 1
4047 3
4048 2
4049 1
4050 1
4051 2
4052 3
4053 0
4054 2
4055 0
4056 0
4057 1
4058 1
4059 0
4060 6
4061 5
4062 1
4063 0
4064 3
4065 6
4066 1
4067 2
4068 2
4069 3
4070 1
4071 1
4072 0
4073 3
4074 1
4075 3
4076 3
4077 6
4078 8
4079 0
4080 3
4081 3
4082 2
4083 3
4084 3
4085 3
4086 3
4087 3
4088 3
4089 2
4090 6
4091 2
4092 1
4093 7
4094 6
4095 0
4096 2
4097 7
4098 1
4099 3
4100 1
4101 2
4102 1
4103 1
4104 3
4105 3
4106 9
4107 3
4108 3
4109 3
4110 2
4111 3
4112 6
4113 6
4114 2
4115 3
4116 1
4117 8
4118 3
4119 3
4120 0
4121 3
4122 0
4123 2
4124 6
4125 1
4126 3
4127 0
4128 2
4129 3
4130 3
4131 0
4132 6
4133 0
4134 1
4135 4
4136 7
4137 1
4138 1
4139 3
4140 2
4141 3
4142 0
4143 4
4144 1
4145 0
4146 1
4147 0
4148 0
4149 1
4150 3
4151 1
4152 7
4153 0
4154 1
4155 7
4156 1
4157 4
4158 1
4159 1
4160 1
4161 1
4162 1
4163 1
4164 7
4165 1
4166 1
4167 2
4168 3
4169 2
4170 1
4171 3
4172 0
4173 1
4174 3
4175 3
4176 1
4177 4
4178 0
4179 2
4180 1
4181 1
4182 3
4183 6
4184 8
4185 2
4186 2
4187 3
4188 2
4189 9
4190 1
4191 0
4192 1
4193 2
4194 1
4195 6
4196 1
4197 2
4198 5
4199 6
4200 4
4201 3
4202 0
4203 2
4204 3
4205 3
4206 2
4207 1
4208 9
4209 2
4210 3
4211 0
4212 6
4213 3
4214 2
4215 1
4216 6
4217 1
4218 4
4219 3
4220 5
4221 1
4222 1
4223 3
4224 3
4225 6
4226 4
4227 0
4228 2
4229 1
4230 3
4231 3
4232 3
4233 4
4234 3
4235 2
4236 4
4237 3
4238 1
4239 2
4240 0
4241 2
4242 3
4243 2
4244 3
4245 3
4246 1
4247 2
4248 4
4249 0
4250 1
4251 3
4252 2
4253 5
4254 1
4255 3
4256 9
4257 3
4258 6
4259 2
4260 0
4261 7
4262 0
4263 1
4264 7
4265 6
4266 1
4267 6
4268 3
4269 3
4270 2
4271 1
4272 1
4273 1
4274 6
4275 3
4276 4
4277 0
4278 9
4279 1
4280 3
4281 1
4282 6
4283 3
4284 3
4285 2
4286 2
4287 3
4288 3
4289 3
4290 9
4291 1
4292 1
4293 1
4294 2
4295 0
4296 3
4297 3
4298 1
4299 3
4300 0
4301 1
4302 1
4303 9
4304 4
4305 1
4306 1
4307 2
4308 1
4309 1
4310 2
4311 3
4312 3
4313 2
4314 6
4315 1
4316 0
4317 6
4318 2
4319 0
4320 2
4321 2
4322 3
4323 0
4324 0
4325 1
4326 1
4327 3
4328 2
4329 0
4330 1
4331 1
4332 1
4333 3
4334 2
4335 1
4336 3
4337 1
4338 0
4339 1
4340 2
4341 2
4342 1
4343 1
4344 0
4345 3
4346 2
4347 8
4348 3
4349 1
4350 7
4351 1
4352 2
4353 3
4354 3
4355 2
4356 1
4357 1
4358 1
4359 0
4360 0
4361 0
4362 1
4363 2
4364 1
4365 6
4366 3
4367 3
4368 2
4369 1
4370 3
4371 6
4372 1
4373 5
4374 6
4375 4
4376 2
4377 8
4378 8
4379 0
4380 7
4381 0
4382 2
4383 1
4384 2
4385 3
4386 2
4387 3
4388 4
4389 6
4390 0
4391 3
4392 3
4393 1
4394 0
4395 1
4396 1
4397 0
4398 1
4399 1
4400 1
4401 2
4402 0
4403 1
4404 1
4405 2
4406 3
4407 3
4408 3
4409 0
4410 1
4411 1
4412 1
4413 2
4414 2
4415 3
4416 2
4417 3
4418 2
4419 0
4420 1
4421 3
4422 6
4423 1
4424 1
4425 1
4426 1
4427 1
4428 2
4429 3
4430 0
4431 1
4432 0
4433 1
4434 1
4435 0
4436 1
4437 2
4438 1
4439 3
4440 6
4441 2
4442 3
4443 2
4444 7
4445 1
4446 2
4447 3
4448 3
4449 5
4450 2
4451 9
4452 3
4453 5
4454 4
4455 7
4456 4
4457 0
4458 2
4459 2
4460 1
4461 0
4462 1
4463 3
4464 3
4465 7
4466 3
4467 3
4468 0
4469 6
4470 0
4471 6
4472 1
4473 3
4474 2
4475 1
4476 7
4477 1
4478 3
4479 2
4480 6
4481 5
4482 3
4483 1
4484 3
4485 3
4486 1
4487 1
4488 6
4489 2
4490 3
4491 1
4492 2
4493 4
4494 2
4495 4
4496 1
4497 1
4498 3
4499 5
4500 1
4501 2
4502 3
4503 3
4504 1
4505 1
4506 0
4507 0
4508 3
4509 0
4510 7
4511 1
4512 3
4513 3
4514 9
4515 3
4516 9
4517 2
4518 0
4519 3
4520 1
4521 0
4522 3
4523 3
4524 1
4525 0
4526 1
4527 0
4528 1
4529 1
4530 7
4531 0
4532 9
4533 3
4534 0
4535 2
4536 0
4537 2
4538 6
4539 6
4540 3
4541 1
4542 1
4543 1
4544 2
4545 3
4546 3
4547 7
4548 2
4549 1
4550 3
4551 1
4552 2
4553 1
4554 1
4555 8
4556 4
4557 6
4558 1
4559 2
4560 6
4561 2
4562 2
4563 0
4564 3
4565 3
4566 3
4567 1
4568 2
4569 3
4570 1
4571 4
4572 1
4573 0
4574 1
4575 1
4576 2
4577 0
4578 6
4579 3
4580 1
4581 3
4582 3
4583 3
4584 2
4585 2
4586 6
4587 4
4588 2
4589 0
4590 6
4591 0
4592 2
4593 0
4594 2
4595 1
4596 0
4597 0
4598 3
4599 1
4600 1
4601 3
4602 7
4603 2
4604 3
4605 3
4606 3
4607 3
4608 1
4609 3
4610 1
4611 2
4612 1
4613 0
4614 3
4615 6
4616 1
4617 2
4618 7
4619 1
4620 3
4621 3
4622 3
4623 1
4624 9
4625 1
4626 1
4627 0
4628 0
4629 2
4630 3
4631 1
4632 0
4633 4
4634 9
4635 0
4636 2
4637 3
4638 3
4639 3
4640 1
4641 1
4642 2
4643 6
4644 6
4645 1
4646 9
4647 2
4648 6
4649 2
4650 1
4651 3
4652 3
4653 1
4654 2
4655 3
4656 3
4657 6
4658 0
4659 7
4660 3
4661 1
4662 0
4663 1
4664 1
4665 3
4666 1
4667 2
4668 3
4669 2
4670 0
4671 3
4672 2
4673 1
4674 8
4675 0
4676 2
4677 6
4678 1
4679 3
4680 3
4681 2
4682 2
4683 3
4684 0
4685 1
4686 1
4687 2
4688 3
4689 0
4690 1
4691 0
4692 0
4693 2
4694 1
4695 2
4696 1
4697 1
4698 4
4699 7
4700 2
4701 0
4702 1
4703 0
4704 3
4705 3
4706 0
4707 2
4708 2
4709 1
4710 1
4711 3
4712 1
4713 9
4714 6
4715 3
4716 9
4717 2
4718 1
4719 1
4720 0
4721 0
4722 3
4723 3
4724 1
4725 2
4726 3
4727 1
4728 2
4729 2
4730 2
4731 6
4732 2
4733 7
4734 3
4735 3
4736 5
4737 1
4738 2
4739 0
4740 2
4741 0
4742 1
4743 1
4744 1
4745 2
4746 1
4747 7
4748 4
4749 1
4750 1
4751 6
4752 1
4753 0
4754 2
4755 1
4756 1
4757 0
4758 1
4759 2
4760 3
4761 4
4762 0
4763 1
4764 8
4765 0
4766 1
4767 1
4768 2
4769 6
4770 1
4771 1
4772 1
4773 2
4774 1
4775 1
4776 0
4777 3
4778 1
4779 2
4780 3
4781 3
4782 2
4783 1
4784 3
4785 6
4786 1
4787 9
4788 1
4789 3
4790 1
4791 1
4792 3
4793 1
4794 6
4795 3
4796 2
4797 1
4798 3
4799 1
4800 2
4801 1
4802 7
4803 0
4804 1
4805 3
4806 6
4807 0
4808 1
4809 3
4810 3
4811 6
4812 1
4813 3
4814 1
4815 1
4816 2
4817 0
4818 2
4819 3
4820 9
4821 6
4822 1
4823 6
4824 3
4825 1
4826 0
4827 3
4828 2
4829 0
4830 1
4831 8
4832 1
4833 1
4834 6
4835 3
4836 6
4837 2
4838 3
4839 1
4840 1
4841 1
4842 2
4843 2
4844 5
4845 1
4846 1
4847 3
4848 1
4849 1
4850 7
4851 2
4852 2
4853 3
4854 3
4855 5
4856 1
4857 1
4858 1
4859 1
4860 3
4861 1
4862 0
4863 3
4864 6
4865 3
4866 3
4867 1
4868 3
4869 1
4870 1
4871 0
4872 1
4873 3
4874 2
4875 3
4876 1
4877 1
4878 2
4879 3
4880 1
4881 1
4882 7
4883 3
4884 3
4885 1
4886 9
4887 1
4888 1
4889 1
4890 3
4891 1
4892 1
4893 2
4894 3
4895 2
4896 1
4897 6
4898 1
4899 8
4900 3
4901 2
4902 1
4903 0
4904 1
4905 1
4906 3
4907 1
4908 1
4909 1
4910 6
4911 1
4912 1
4913 6
4914 3
4915 0
4916 1
4917 1
4918 1
4919 0
4920 1
4921 1
4922 2
4923 1
4924 3
4925 1
4926 1
4927 2
4928 1
4929 0
4930 1
4931 4
4932 1
4933 1
4934 3
4935 3
4936 1
4937 2
4938 3
4939 4
4940 9
4941 8
4942 1
4943 2
4944 0
4945 3
4946 2
4947 3
4948 7
4949 1
4950 3
4951 1
4952 0
4953 3
4954 7
4955 3
4956 6
4957 6
4958 3
4959 2
4960 2
4961 1
4962 3
4963 0
4964 4
4965 1
4966 1
4967 0
4968 9
4969 2
4970 3
4971 1
4972 0
4973 1
4974 2
4975 0
4976 4
4977 3
4978 3
4979 4
4980 1
4981 1
4982 6
4983 6
4984 2
4985 1
4986 1
4987 1
4988 4
4989 1
4990 1
4991 3
4992 3
4993 0
4994 2
4995 1
4996 3
4997 1
4998 1
4999 1
5000 7
5001 1
5002 2
5003 1
5004 3
5005 3
5006 1
5007 2
5008 3
5009 2
5010 2
5011 9
5012 1
5013 0
5014 3
5015 4
5016 1
5017 1
5018 2
5019 3
5020 3
5021 6
5022 2
5023 4
5024 0
5025 1
5026 3
5027 1
5028 7
5029 6
5030 4
5031 8
5032 8
5033 9
5034 1
5035 2
5036 1
5037 1
5038 1
5039 1
5040 1
5041 2
5042 2
5043 3
5044 4
5045 1
5046 3
5047 1
5048 0
5049 6
5050 6
5051 1
5052 1
5053 3
5054 5
5055 2
5056 6
5057 6
5058 3
5059 4
5060 3
5061 1
5062 1
5063 0
5064 3
5065 3
5066 2
5067 3
5068 2
5069 3
5070 2
5071 2
5072 3
5073 2
5074 1
5075 2
5076 1
5077 1
5078 2
5079 3
5080 2
5081 6
5082 0
5083 1
5084 1
5085 4
5086 1
5087 3
5088 1
5089 9
5090 2
5091 3
5092 8
5093 2
5094 2
5095 2
5096 5
5097 2
5098 7
5099 2
5100 3
5101 0
5102 3
5103 2
5104 0
5105 3
5106 9
5107 1
5108 2
5109 9
5110 1
5111 2
5112 3
5113 6
5114 2
5115 6
5116 2
5117 0
5118 3
5119 6
5120 1
5121 9
5122 8
5123 1
5124 6
5125 3
5126 3
5127 7
5128 1
5129 2
5130 0
5131 2
5132 3
5133 1
5134 2
5135 2
5136 3
5137 2
5138 2
5139 1
5140 1
5141 0
5142 2
5143 2
5144 1
5145 3
5146 2
5147 9
5148 1
5149 2
5150 1
5151 2
5152 1
5153 1
5154 2
5155 4
5156 0
5157 0
5158 3
5159 8
5160 1
5161 6
5162 0
5163 1
5164 9
5165 2
5166 1
5167 2
5168 1
5169 4
5170 1
5171 0
5172 2
5173 3
5174 3
5175 1
5176 3
5177 1
5178 2
5179 0
5180 3
5181 1
5182 2
5183 9
5184 3
5185 7
5186 1
5187 3
5188 2
5189 1
5190 3
5191 4
5192 0
5193 3
5194 2
5195 0
5196 3
5197 2
5198 4
5199 1
5200 1
5201 2
5202 4
5203 1
5204 6
5205 3
5206 4
5207 3
5208 4
5209 3
5210 3
5211 1
5212 2
5213 1
5214 4
5215 2
5216 1
5217 3
5218 0
5219 6
5220 1
5221 7
5222 2
5223 6
5224 1
5225 6
5226 1
5227 3
5228 3
5229 3
5230 3
5231 6
5232 1
5233 2
5234 1
5235 3
5236 1
5237 1
5238 3
5239 0
5240 2
5241 1
5242 2
5243 1
5244 1
5245 1
5246 3
5247 3
5248 2
5249 1
5250 0
5251 4
5252 0
5253 1
5254 1
5255 2
5256 1
5257 2
5258 6
5259 2
5260 3
5261 2
5262 1
5263 3
5264 2
5265 2
5266 1
5267 1
5268 7
5269 0
5270 2
5271 3
5272 2
5273 0
5274 3
5275 3
5276 6
5277 1
5278 1
5279 2
5280 2
5281 3
5282 8
5283 8
5284 3
5285 3
5286 3
5287 3
5288 1
5289 6
5290 8
5291 2
5292 2
5293 1
5294 2
5295 2
5296 2
5297 0
5298 6
5299 3
5300 2
5301 2
5302 1
5303 6
5304 3
5305 1
5306 2
5307 8
5308 1
5309 1
5310 2
5311 1
5312 1
5313 8
5314 2
5315 1
5316 1
5317 1
5318 1
5319 2
5320 2
5321 7
5322 0
5323 3
5324 1
5325 3
5326 1
5327 3
5328 2
5329 1
5330 6
5331 2
5332 1
5333 3
5334 1
5335 4
5336 2
5337 1
5338 3
5339 1
5340 3
5341 9
5342 2
5343 2
5344 2
5345 3
5346 3
5347 2
5348 1
5349 2
5350 3
5351 2
5352 5
5353 3
5354 1
5355 6
5356 2
5357 2
5358 1
5359 3
5360 3
5361 9
5362 3
5363 1
5364 1
5365 1
5366 0
5367 0
5368 7
5369 3
5370 2
5371 0
5372 3
5373 2
5374 2
5375 3
5376 1
5377 1
5378 3
5379 3
5380 2
5381 6
5382 1
5383 2
5384 6
5385 2
5386 2
5387 0
5388 2
5389 1
5390 1
5391 1
5392 0
5393 1
5394 1
5395 2
5396 3
5397 4
5398 0
5399 6
5400 3
5401 1
5402 9
5403 1
5404 6
5405 1
5406 1
5407 1
5408 4
5409 1
5410 1
5411 0
5412 1
5413 7
5414 3
5415 0
5416 1
5417 3
5418 1
5419 0
5420 2
5421 2
5422 0
5423 0
5424 2
5425 1
5426 3
5427 4
5428 1
5429 3
5430 0
5431 3
5432 2
5433 6
5434 1
5435 3
5436 1
5437 2
5438 2
5439 0
5440 0
5441 3
5442 0
5443 2
5444 1
5445 0
5446 1
5447 9
5448 2
5449 1
5450 2
5451 1
5452 3
5453 2
5454 1
5455 1
5456 8
5457 3
5458 1
5459 5
5460 4
5461 2
5462 1
5463 2
5464 1
5465 3
5466 2
5467 3
5468 1
5469 0
5470 1
5471 3
5472 6
5473 3
5474 1
5475 1
5476 1
5477 2
5478 1
5479 0
5480 2
5481 3
5482 3
5483 8
5484 2
5485 2
5486 2
5487 7
5488 1
5489 3
5490 0
5491 3
5492 0
5493 1
5494 1
5495 2
5496 1
5497 4
5498 1
5499 1
5500 2
5501 4
5502 2
5503 1
5504 1
5505 1
5506 3
5507 1
5508 0
5509 0
5510 1
5511 3
5512 0
5513 0
5514 1
5515 9
5516 1
5517 1
5518 2
5519 2
5520 1
5521 2
5522 3
5523 2
5524 2
5525 3
5526 1
5527 3
5528 3
5529 6
5530 6
5531 1
5532 1
5533 3
5534 1
5535 2
5536 3
5537 1
5538 0
5539 7
5540 2
5541 4
5542 1
5543 0
5544 0
5545 2
5546 2
5547 6
5548 2
5549 2
5550 0
5551 1
5552 0
5553 1
5554 0
5555 1
5556 0
5557 1
5558 2
5559 7
5560 3
5561 3
5562 2
5563 1
5564 1
5565 1
5566 3
5567 1
5568 2
5569 2
5570 2
5571 7
5572 1
5573 1
5574 9
5575 1
5576 6
5577 0
5578 2
5579 2
5580 2
5581 3
5582 2
5583 3
5584 1
5585 3
5586 2
5587 3
5588 1
5589 3
5590 5
5591 0
5592 2
5593 2
5594 2
5595 3
5596 6
5597 9
5598 2
5599 1
5600 3
5601 6
5602 3
5603 0
5604 3
5605 1
5606 0
5607 1
5608 2
5609 0
5610 6
5611 3
5612 1
5613 1
5614 3
5615 3
5616 3
5617 2
5618 1
5619 2
5620 7
5621 2
5622 6
5623 1
5624 0
5625 3
5626 8
5627 0
5628 3
5629 3
5630 1
5631 6
5632 7
5633 3
5634 1
5635 1
5636 5
5637 1
5638 6
5639 0
5640 1
5641 0
5642 2
5643 1
5644 0
5645 3
5646 3
5647 2
5648 0
5649 3
5650 3
5651 1
5652 3
5653 3
5654 6
5655 3
5656 3
5657 2
5658 2
5659 0
5660 2
5661 2
5662 4
5663 2
5664 6
5665 6
5666 1
5667 0
5668 2
5669 1
5670 4
5671 1
5672 1
5673 2
5674 1
5675 1
5676 1
5677 3
5678 3
5679 3
5680 3
5681 1
5682 4
5683 1
5684 1
5685 0
5686 0
5687 1
5688 0
5689 9
5690 1
5691 2
5692 4
5693 1
5694 1
5695 1
5696 9
5697 0
5698 3
5699 6
5700 1
5701 0
5702 1
5703 3
5704 3
5705 9
5706 3
5707 3
5708 3
5709 1
5710 3
5711 3
5712 0
5713 2
5714 1
5715 2
5716 3
5717 3
5718 1
5719 6
5720 5
5721 2
5722 1
5723 6
5724 2
5725 3
5726 1
5727 1
5728 1
5729 0
5730 1
5731 1
5732 4
5733 2
5734 3
5735 0
5736 9
5737 0
5738 1
5739 9
5740 0
5741 1
5742 3
5743 6
5744 1
5745 6
5746 6
5747 2
5748 0
5749 7
5750 0
5751 1
5752 3
5753 3
5754 3
5755 1
5756 1
5757 1
5758 3
5759 2
5760 8
5761 0
5762 1
5763 1
5764 3
5765 3
5766 3
5767 4
5768 1
5769 6
5770 6
5771 7
5772 1
5773 2
5774 6
5775 1
5776 3
5777 1
5778 7
5779 2
5780 2
5781 0
5782 3
5783 2
5784 3
5785 1
5786 1
5787 2
5788 3
5789 1
5790 7
5791 1
5792 8
5793 6
5794 9
5795 2
5796 2
5797 0
5798 3
5799 1
5800 3
5801 0
5802 0
5803 1
5804 2
5805 9
5806 6
5807 3
5808 1
5809 1
5810 0
5811 9
5812 2
5813 9
5814 1
5815 3
5816 1
5817 1
5818 3
5819 0
5820 9
5821 3
5822 3
5823 1
5824 3
5825 1
5826 2
5827 9
5828 1
5829 3
5830 3
5831 3
5832 1
5833 6
5834 3
5835 2
5836 3
5837 2
5838 7
5839 2
5840 3
5841 0
5842 1
5843 4
5844 1
5845 2
5846 1
5847 0
5848 2
5849 3
5850 1
5851 6
5852 7
5853 0
5854 6
5855 6
5856 1
5857 3
5858 3
5859 3
5860 6
5861 1
5862 6
5863 0
5864 1
5865 4
5866 0
5867 3
5868 2
5869 2
5870 1
5871 3
5872 3
5873 2
5874 1
5875 2
5876 1
5877 9
5878 1
5879 2
5880 3
5881 6
5882 1
5883 2
5884 1
5885 1
5886 0
5887 1
5888 7
5889 2
5890 6
5891 2
5892 3
5893 2
5894 2
5895 1
5896 3
5897 3
5898 1
5899 2
5900 1
5901 2
5902 1
5903 1
5904 9
5905 0
5906 1
5907 1
5908 1
5909 3
5910 2
5911 0
5912 2
5913 7
5914 6
5915 3
5916 9
5917 2
5918 8
5919 4
5920 1
5921 3
5922 0
5923 9
5924 2
5925 2
5926 1
5927 6
5928 1
5929 0
5930 3
5931 1
5932 3
5933 3
5934 6
5935 1
5936 0
5937 0
5938 7
5939 1
5940 0
5941 2
5942 3
5943 0
5944 2
5945 3
5946 2
5947 7
5948 2
5949 0
5950 2
5951 2
5952 0
5953 1
5954 2
5955 6
5956 2
5957 3
5958 5
5959 0
5960 2
5961 1
5962 2
5963 2
5964 8
5965 9
5966 3
5967 1
5968 3
5969 0
5970 3
5971 3
5972 1
5973 2
5974 0
5975 9
5976 0
5977 1
5978 1
5979 1
5980 1
5981 9
5982 9
5983 3
5984 1
5985 2
5986 3
5987 3
5988 7
5989 1
5990 1
5991 3
5992 3
5993 0
5994 1
5995 2
5996 1
5997 3
5998 1
5999 2
6000 9
6001 7
6002 2
6003 9
6004 3
6005 7
6006 1
6007 3
6008 4
6009 3
6010 1
6011 3
6012 1
6013 2
6014 2
6015 2
6016 3
6017 2
6018 3
6019 1
6020 2
6021 3
6022 2
6023 2
6024 3
6025 0
6026 3
6027 7
6028 1
6029 2
6030 1
6031 0
6032 2
6033 1
6034 2
6035 2
6036 0
6037 9
6038 7
6039 1
6040 3
6041 1
6042 1
6043 1
6044 2
6045 1
6046 4
6047 0
6048 9
6049 0
6050 1
6051 3
6052 1
6053 6
6054 1
6055 1
6056 6
6057 2
6058 7
6059 2
6060 3
6061 2
6062 3
6063 2
6064 2
6065 0
6066 6
6067 2
6068 9
6069 1
6070 1
6071 0
6072 2
6073 0
6074 3
6075 0
6076 3
6077 3
6078 4
6079 0
6080 2
6081 1
6082 3
6083 5
6084 1
6085 3
6086 9
6087 1
6088 3
6089 2
6090 7
6091 3
6092 1
6093 2
6094 2
6095 2
6096 9
6097 8
6098 9
6099 1
6100 1
6101 7
6102 2
6103 1
6104 0
6105 3
6106 3
6107 0
6108 7
6109 3
6110 6
6111 2
6112 3
6113 1
6114 0
6115 1
6116 1
6117 2
6118 2
6119 0
6120 1
6121 7
6122 5
6123 1
6124 1
6125 2
6126 1
6127 1
6128 1
6129 1
6130 1
6131 3
6132 2
6133 3
6134 1
6135 2
6136 3
6137 3
6138 3
6139 1
6140 1
6141 1
6142 2
6143 1
6144 6
6145 2
6146 4
6147 3
6148 1
6149 1
6150 0
6151 0
6152 7
6153 1
6154 1
6155 0
6156 8
6157 3
6158 6
6159 1
6160 1
6161 1
6162 2
6163 2
6164 2
6165 5
6166 2
6167 1
6168 1
6169 3
6170 2
6171 0
6172 0
6173 0
6174 4
6175 0
6176 2
6177 1
6178 3
6179 1
6180 8
6181 2
6182 9
6183 3
6184 1
6185 7
6186 6
6187 7
6188 8
6189 2
6190 1
6191 9
6192 0
6193 3
6194 1
6195 3
6196 1
6197 1
6198 5
6199 6
6200 2
6201 9
6202 2
6203 6
6204 2
6205 9
6206 2
6207 3
6208 3
6209 6
6210 2
6211 1
6212 8
6213 1
6214 2
6215 0
6216 6
6217 3
6218 2
6219 3
6220 2
6221 3
6222 2
6223 7
6224 2
6225 1
6226 0
6227 3
6228 1
6229 2
6230 6
6231 0
6232 1
6233 3
6234 1
6235 2
6236 6
6237 3
6238 3
6239 2
6240 1
6241 3
6242 2
6243 3
6244 4
6245 3
6246 0
6247 1
6248 7
6249 3
6250 3
6251 3
6252 1
6253 1
6254 3
6255 2
6256 3
6257 3
6258 1
6259 0
6260 3
6261 6
6262 1
6263 4
6264 1
6265 2
6266 4
6267 2
6268 1
6269 2
6270 3
6271 2
6272 6
6273 3
6274 3
6275 3
6276 1
6277 2
6278 3
6279 0
6280 3
6281 7
6282 3
6283 0
6284 4
6285 1
6286 1
6287 6
6288 3
6289 2
6290 2
6291 1
6292 9
6293 2
6294 1
6295 1
6296 3
6297 0
6298 0
6299 0
6300 3
6301 1
6302 2
6303 6
6304 6
6305 2
6306 1
6307 3
6308 6
6309 3
6310 6
6311 2
6312 4
6313 6
6314 2
6315 2
6316 2
6317 2
6318 3
6319 1
6320 6
6321 8
6322 1
6323 3
6324 2
6325 1
6326 1
6327 3
6328 5
6329 0
6330 1
6331 9
6332 2
6333 1
6334 6
6335 1
6336 5
6337 4
6338 1
6339 2
6340 1
6341 1
6342 1
6343 1
6344 3
6345 4
6346 6
6347 1
6348 0
6349 2
6350 3
6351 2
6352 2
6353 8
6354 0
6355 1
6356 3
6357 1
6358 4
6359 2
6360 7
6361 1
6362 1
6363 0
6364 2
6365 7
6366 1
6367 3
6368 3
6369 7
6370 2
6371 6
6372 1
6373 2
6374 1
6375 7
6376 2
6377 1
6378 6
6379 1
6380 3
6381 2
6382 1
6383 3
6384 1
6385 3
6386 7
6387 9
6388 0
6389 2
6390 9
6391 3
6392 2
6393 1
6394 3
6395 3
6396 2
6397 2
6398 1
6399 9
6400 9
6401 6
6402 8
6403 3
6404 3
6405 1
6406 3
6407 1
6408 6
6409 2
6410 1
6411 1
6412 0
6413 1
6414 1
6415 0
6416 1
6417 3
6418 3
6419 2
6420 7
6421 2
6422 2
6423 4
6424 2
6425 1
6426 1
6427 8
6428 0
6429 1
6430 0
6431 1
6432 0
6433 9
6434 3
6435 2
6436 3
6437 2
6438 9
6439 2
6440 1
6441 1
6442 2
6443 2
6444 3
6445 5
6446 1
6447 3
6448 8
6449 6
6450 3
6451 1
6452 2
6453 0
6454 3
6455 3
6456 1
6457 2
6458 3
6459 1
6460 2
6461 2
6462 1
6463 6
6464 2
6465 2
6466 6
6467 2
6468 1
6469 6
6470 6
6471 2
6472 3
6473 5
6474 1
6475 1
6476 1
6477 7
6478 2
6479 3
6480 3
6481 7
6482 1
6483 5
6484 7
6485 5
6486 3
6487 3
6488 3
6489 9
6490 3
6491 1
6492 3
6493 2
6494 3
6495 2
6496 2
6497 0
6498 0
6499 3
6500 4
6501 2
6502 1
6503 2
6504 9
6505 4
6506 1
6507 0
6508 3
6509 7
6510 2
6511 3
6512 9
6513 2
6514 1
6515 1
6516 6
6517 3
6518 0
6519 3
6520 2
6521 2
6522 3
6523 1
6524 3
6525 3
6526 1
6527 9
6528 0
6529 3
6530 2
6531 9
6532 0
6533 3
6534 4
6535 2
6536 2
6537 3
6538 1
6539 3
6540 4
6541 2
6542 6
6543 6
6544 2
6545 1
6546 1
6547 3
6548 3
6549 3
6550 2
6551 0
6552 1
6553 1
6554 2
6555 1
6556 1
6557 2
6558 1
6559 2
6560 1
6561 1
6562 1
6563 3
6564 0
6565 1
6566 2
6567 2
6568 3
6569 3
6570 1
6571 1
6572 2
6573 6
6574 1
6575 1
6576 3
6577 3
6578 2
6579 0
6580 2
6581 2
6582 9
6583 0
6584 1
6585 0
6586 1
6587 1
6588 7
6589 2
6590 1
6591 1
6592 1
6593 2
6594 1
6595 3
6596 3
6597 0
6598 1
6599 3
6600 1
6601 2
6602 6
6603 3
6604 2
6605 3
6606 3
6607 7
6608 4
6609 2
6610 3
6611 1
6612 1
6613 1
6614 1
6615 1
6616 2
6617 7
6618 4
6619 6
6620 6
6621 6
6622 2
6623 2
6624 2
6625 7
6626 1
6627 3
6628 1
6629 1
6630 1
6631 1
6632 7
6633 3
6634 8
6635 1
6636 2
6637 7
6638 8
6639 2
6640 2
6641 3
6642 0
6643 2
6644 2
6645 3
6646 1
6647 1
6648 4
6649 4
6650 1
6651 1
6652 0
6653 3
6654 2
6655 9
6656 0
6657 1
6658 7
6659 3
6660 2
6661 1
6662 5
6663 2
6664 2
6665 2
6666 2
6667 7
6668 1
6669 4
6670 2
6671 2
6672 0
6673 1
6674 1
6675 1
6676 1
6677 2
6678 0
6679 2
6680 0
6681 3
6682 3
6683 3
6684 1
6685 9
6686 1
6687 2
6688 7
6689 2
6690 6
6691 1
6692 1
6693 3
6694 8
6695 3
6696 3
6697 2
6698 0
6699 2
6700 3
6701 3
6702 7
6703 6
6704 2
6705 1
6706 4
6707 3
6708 3
6709 6
6710 6
6711 2
6712 6
6713 3
6714 2
6715 0
6716 2
6717 6
6718 2
6719 7
6720 1
6721 1
6722 1
6723 1
6724 3
6725 1
6726 3
6727 6
6728 2
6729 3
6730 3
6731 7
6732 9
6733 3
6734 6
6735 6
6736 3
6737 3
6738 1
6739 7
6740 2
6741 2
6742 2
6743 3
6744 2
6745 3
6746 2
6747 0
6748 0
6749 1
6750 7
6751 1
6752 2
6753 2
6754 1
6755 2
6756 1
6757 1
6758 3
6759 1
6760 3
6761 9
6762 1
6763 3
6764 2
6765 3
6766 1
6767 1
6768 2
6769 3
6770 8
6771 4
6772 4
6773 0
6774 2
6775 1
6776 0
6777 1
6778 2
6779 1
6780 7
6781 2
6782 7
6783 1
6784 6
6785 2
6786 0
6787 1
6788 2
6789 5
6790 2
6791 3
6792 3
6793 1
6794 2
6795 0
6796 2
6797 2
6798 2
6799 3
6800 2
6801 2
6802 0
6803 3
6804 3
6805 0
6806 3
6807 9
6808 1
6809 1
6810 3
6811 2
6812 0
6813 3
6814 1
6815 3
6816 1
6817 2
6818 6
6819 2
6820 1
6821 2
6822 3
6823 7
6824 9
6825 3
6826 7
6827 3
6828 1
6829 3
6830 2
6831 8
6832 2
6833 8
6834 1
6835 2
6836 3
6837 2
6838 4
6839 1
6840 3
6841 3
6842 2
6843 3
6844 6
6845 3
6846 6
6847 0
6848 9
6849 2
6850 2
6851 1
6852 3
6853 2
6854 6
6855 2
6856 1
6857 2
6858 7
6859 2
6860 3
6861 1
6862 1
6863 2
6864 1
6865 4
6866 1
6867 1
6868 3
6869 0
6870 2
6871 2
6872 1
6873 8
6874 1
6875 4
6876 7
6877 3
6878 2
6879 3
6880 0
6881 2
6882 3
6883 3
6884 2
6885 3
6886 1
6887 3
6888 2
6889 9
6890 6
6891 9
6892 6
6893 1
6894 2
6895 1
6896 1
6897 0
6898 1
6899 0
6900 2
6901 2
6902 1
6903 2
6904 7
6905 3
6906 2
6907 2
6908 7
6909 0
6910 2
6911 3
6912 3
6913 0
6914 3
6915 0
6916 3
6917 6
6918 1
6919 0
6920 2
6921 1
6922 2
6923 3
6924 1
6925 1
6926 0
6927 2
6928 0
6929 1
6930 6
6931 3
6932 2
6933 2
6934 4
6935 6
6936 1
6937 4
6938 1
6939 2
6940 1
6941 5
6942 0
6943 2
6944 6
6945 2
6946 3
6947 1
6948 7
6949 3
6950 2
6951 3
6952 1
6953 7
6954 2
6955 3
6956 3
6957 0
6958 1
6959 2
6960 2
6961 3
6962 1
6963 4
6964 0
6965 1
6966 1
6967 6
6968 1
6969 1
6970 1
6971 6
6972 2
6973 1
6974 1
6975 2
6976 2
6977 2
6978 1
6979 2
6980 7
6981 2
6982 0
6983 1
6984 9
6985 3
6986 1
6987 2
6988 3
6989 2
6990 3
6991 3
6992 2
6993 3
6994 2
6995 6
6996 1
6997 2
6998 9
6999 3
7000 2
7001 2
7002 2
7003 3
7004 1
7005 3
7006 2
7007 4
7008 3
7009 2
7010 2
7011 0
7012 1
7013 3
7014 9
7015 6
7016 1
7017 3
7018 3
7019 6
7020 1
7021 2
7022 0
7023 2
7024 0
7025 0
7026 2
7027 2
7028 3
7029 3
7030 0
7031 1
7032 4
7033 3
7034 0
7035 3
7036 4
7037 3
7038 1
7039 0
7040 0
7041 2
7042 4
7043 3
7044 5
7045 2
7046 0
7047 2
7048 2
7049 0
7050 9
7051 3
7052 1
7053 2
7054 1
7055 1
7056 2
7057 3
7058 2
7059 8
7060 3
7061 3
7062 6
7063 1
7064 6
7065 2
7066 6
7067 6
7068 3
7069 1
7070 3
7071 9
7072 1
7073 7
7074 0
7075 4
7076 1
7077 4
7078 1
7079 0
7080 1
7081 1
7082 3
7083 6
7084 0
7085 1
7086 2
7087 1
7088 0
7089 1
7090 6
7091 2
7092 2
7093 2
7094 6
7095 8
7096 2
7097 1
7098 1
7099 3
7100 2
7101 3
7102 2
7103 1
7104 2
7105 0
7106 1
7107 1
7108 2
7109 3
7110 1
7111 3
7112 1
7113 4
7114 3
7115 3
7116 3
7117 1
7118 3
7119 2
7120 1
7121 9
7122 2
7123 3
7124 9
7125 2
7126 0
7127 2
7128 4
7129 2
7130 2
7131 3
7132 3
7133 4
7134 2
7135 2
7136 9
7137 2
7138 1
7139 2
7140 3
7141 2
7142 2
7143 1
7144 6
7145 0
7146 2
7147 2
7148 2
7149 9
7150 2
7151 6
7152 0
7153 1
7154 0
7155 3
7156 1
7157 1
7158 6
7159 3
7160 2
7161 3
7162 3
7163 6
7164 1
7165 9
7166 2
7167 3
7168 2
7169 3
7170 2
7171 8
7172 2
7173 3
7174 4
7175 2
7176 2
7177 4
7178 2
7179 6
7180 1
7181 0
7182 3
7183 3
7184 1
7185 3
7186 2
7187 9
7188 2
7189 2
7190 1
7191 1
7192 1
7193 1
7194 1
7195 6
7196 2
7197 1
7198 6
7199 2
7200 2
7201 3
7202 2
7203 3
7204 1
7205 1
7206 3
7207 3
7208 7
7209 0
7210 9
7211 1
7212 2
7213 2
7214 2
7215 9
7216 0
7217 3
7218 1
7219 9
7220 0
7221 2
7222 2
7223 3
7224 1
7225 1
7226 1
7227 0
7228 2
7229 2
7230 1
7231 2
7232 3
7233 6
7234 1
7235 1
7236 2
7237 1
7238 0
7239 1
7240 3
7241 1
7242 2
7243 1
7244 9
7245 0
7246 0
7247 1
7248 2
7249 2
7250 2
7251 9
7252 1
7253 3
7254 1
7255 1
7256 2
7257 2
7258 1
7259 1
7260 6
7261 3
7262 2
7263 3
7264 0
7265 2
7266 1
7267 1
7268 3
7269 1
7270 3
7271 3
7272 0
7273 3
7274 3
7275 3
7276 1
7277 0
7278 3
7279 6
7280 3
7281 2
7282 2
7283 1
7284 9
7285 9
7286 3
7287 3
7288 0
7289 0
7290 3
7291 2
7292 9
7293 3
7294 3
7295 6
7296 1
7297 2
7298 0
7299 1
7300 3
7301 2
7302 3
7303 3
7304 2
7305 2
7306 2
7307 2
7308 2
7309 2
7310 0
7311 0
7312 1
7313 2
7314 2
7315 1
7316 2
7317 3
7318 3
7319 2
7320 1
7321 2
7322 1
7323 2
7324 7
7325 0
7326 2
7327 0
7328 8
7329 5
7330 1
7331 2
7332 2
7333 2
7334 6
7335 2
7336 3
7337 2
7338 3
7339 4
7340 1
7341 4
7342 2
7343 2
7344 2
7345 7
7346 3
7347 2
7348 3
7349 3
7350 1
7351 7
7352 2
7353 2
7354 2
7355 1
7356 2
7357 3
7358 0
7359 2
7360 3
7361 2
7362 1
7363 3
7364 6
7365 2
7366 6
7367 7
7368 2
7369 0
7370 1
7371 1
7372 1
7373 2
7374 0
7375 3
7376 1
7377 2
7378 2
7379 3
7380 1
7381 2
7382 1
7383 6
7384 5
7385 3
7386 3
7387 9
7388 1
7389 9
7390 0
7391 4
7392 3
7393 3
7394 0
7395 3
7396 8
7397 2
7398 1
7399 2
7400 2
7401 0
7402 1
7403 1
7404 1
7405 7
7406 2
7407 1
7408 9
7409 2
7410 2
7411 1
7412 1
7413 2
7414 2
7415 3
7416 4
7417 3
7418 0
7419 2
7420 4
7421 2
7422 3
7423 0
7424 0
7425 1
7426 0
7427 2
7428 2
7429 1
7430 1
7431 8
7432 3
7433 2
7434 2
7435 1
7436 0
7437 1
7438 6
7439 1
7440 2
7441 0
7442 3
7443 3
7444 2
7445 2
7446 2
7447 6
7448 2
7449 0
7450 1
7451 3
7452 3
7453 2
7454 2
7455 3
7456 2
7457 1
7458 5
7459 1
7460 3
7461 2
7462 4
7463 2
7464 1
7465 2
7466 3
7467 3
7468 2
7469 3
7470 0
7471 2
7472 2
7473 2
7474 3
7475 3
7476 3
7477 2
7478 1
7479 0
7480 7
7481 2
7482 2
7483 2
7484 0
7485 2
7486 0
7487 3
7488 6
7489 9
7490 3
7491 2
7492 3
7493 0
7494 2
7495 1
7496 2
7497 3
7498 2
7499 1
7500 6
7501 5
7502 1
7503 3
7504 1
7505 0
7506 1
7507 3
7508 3
7509 1
7510 1
7511 2
7512 3
7513 3
7514 6
7515 1
7516 3
7517 3
7518 3
7519 1
7520 2
7521 1
7522 1
7523 0
7524 1
7525 1
7526 2
7527 9
7528 2
7529 3
7530 3
7531 0
7532 2
7533 0
7534 9
7535 1
7536 1
7537 1
7538 2
7539 3
7540 1
7541 0
7542 2
7543 3
7544 3
7545 1
7546 6
7547 0
7548 3
7549 1
7550 1
7551 1
7552 0
7553 1
7554 0
7555 3
7556 1
7557 0
7558 2
7559 2
7560 2
7561 2
7562 0
7563 2
7564 1
7565 1
7566 3
7567 3
7568 4
7569 7
7570 6
7571 4
7572 1
7573 2
7574 0
7575 9
7576 2
7577 2
7578 1
7579 2
7580 2
7581 1
7582 7
7583 1
7584 1
7585 2
7586 2
7587 3
7588 8
7589 3
7590 2
7591 2
7592 8
7593 0
7594 1
7595 1
7596 2
7597 7
7598 2
7599 2
7600 3
7601 7
7602 2
7603 9
7604 0
7605 2
7606 0
7607 2
7608 0
7609 2
7610 6
7611 3
7612 3
7613 1
7614 1
7615 3
7616 9
7617 9
7618 2
7619 3
7620 1
7621 3
7622 3
7623 3
7624 1
7625 1
7626 3
7627 3
7628 1
7629 3
7630 2
7631 1
7632 6
7633 9
7634 6
7635 3
7636 2
7637 3
7638 1
7639 3
7640 2
7641 2
7642 6
7643 3
7644 1
7645 2
7646 3
7647 2
7648 4
7649 2
7650 2
7651 2
7652 3
7653 2
7654 9
7655 3
7656 3
7657 3
7658 3
7659 0
7660 0
7661 1
7662 0
7663 9
7664 2
7665 0
7666 2
7667 1
7668 2
7669 1
7670 1
7671 2
7672 2
7673 2
7674 1
7675 2
7676 6
7677 1
7678 7
7679 2
7680 3
7681 2
7682 3
7683 0
7684 6
7685 7
7686 1
7687 0
7688 1
7689 9
7690 2
7691 2
7692 2
7693 2
7694 1
7695 2
7696 3
7697 8
7698 9
7699 3
7700 3
7701 1
7702 2
7703 3
7704 6
7705 3
7706 0
7707 1
7708 4
7709 1
7710 2
7711 2
7712 1
7713 3
7714 6
7715 0
7716 1
7717 9
7718 2
7719 3
7720 2
7721 2
7722 0
7723 3
7724 7
7725 2
7726 3
7727 0
7728 7
7729 3
7730 1
7731 3
7732 1
7733 6
7734 1
7735 4
7736 2
7737 3
7738 0
7739 7
7740 0
7741 2
7742 3
7743 2
7744 1
7745 1
7746 1
7747 1
7748 2
7749 3
7750 2
7751 3
7752 1
7753 3
7754 1
7755 3
7756 7
7757 2
7758 7
7759 9
7760 1
7761 1
7762 2
7763 3
7764 5
7765 0
7766 1
7767 2
7768 1
7769 2
7770 2
7771 3
7772 1
7773 0
7774 2
7775 6
7776 2
7777 3
7778 1
7779 3
7780 0
7781 2
7782 2
7783 2
7784 1
7785 3
7786 3
7787 2
7788 2
7789 9
7790 8
7791 6
7792 2
7793 2
7794 2
7795 1
7796 3
7797 6
7798 2
7799 3
7800 2
7801 2
7802 4
7803 0
7804 2
7805 2
7806 1
7807 1
7808 3
7809 2
7810 6
7811 3
7812 1
7813 1
7814 3
7815 2
7816 1
7817 8
7818 6
7819 1
7820 2
7821 0
7822 3
7823 2
7824 3
7825 3
7826 3
7827 6
7828 2
7829 3
7830 1
7831 3
7832 1
7833 4
7834 0
7835 3
7836 0
7837 1
7838 2
7839 2
7840 2
7841 0
7842 2
7843 3
7844 2
7845 2
7846 1
7847 2
7848 2
7849 2
7850 2
7851 3
7852 7
7853 2
7854 2
7855 1
7856 6
7857 9
7858 2
7859 1
7860 3
7861 3
7862 4
7863 2
7864 2
7865 2
7866 3
7867 0
7868 0
7869 2
7870 2
7871 2
7872 1
7873 2
7874 3
7875 3
7876 2
7877 1
7878 3
7879 6
7880 4
7881 1
7882 3
7883 1
7884 2
7885 0
7886 8
7887 0
7888 2
7889 2
7890 0
7891 0
7892 1
7893 2
7894 6
7895 3
7896 1
7897 2
7898 1
7899 2
7900 3
7901 1
7902 8
7903 3
7904 3
7905 1
7906 1
7907 2
7908 6
7909 6
7910 2
7911 2
7912 2
7913 2
7914 1
7915 0
7916 1
7917 7
7918 2
7919 3
7920 6
7921 3
7922 1
7923 9
7924 1
7925 1
7926 3
7927 1
7928 5
7929 1
7930 0
7931 2
7932 3
7933 2
7934 2
7935 2
7936 7
7937 6
7938 3
7939 2
7940 7
7941 3
7942 2
7943 9
7944 3
7945 2
7946 2
7947 1
7948 3
7949 2
7950 2
7951 1
7952 2
7953 2
7954 3
7955 1
7956 1
7957 3
7958 9
7959 3
7960 2
7961 3
7962 2
7963 4
7964 6
7965 3
7966 2
7967 3
7968 2
7969 3
7970 9
7971 2
7972 1
7973 2
7974 6
7975 2
7976 3
7977 8
7978 3
7979 0
7980 1
7981 4
7982 2
7983 4
7984 2
7985 3
7986 1
7987 6
7988 3
7989 2
7990 1
7991 3
7992 0
7993 3
7994 2
7995 3
7996 8
7997 2
7998 7
7999 9
8000 9
8001 3
8002 3
8003 0
8004 3
8005 0
8006 2
8007 2
8008 9
8009 0
8010 2
8011 3
8012 0
8013 0
8014 3
8015 2
8016 3
8017 1
8018 2
8019 8
8020 7
8021 2
8022 9
8023 1
8024 2
8025 2
8026 0
8027 2
8028 0
8029 6
8030 3
8031 1
8032 2
8033 1
8034 2
8035 2
8036 7
8037 2
8038 0
8039 1
8040 3
8041 7
8042 0
8043 1
8044 5
8045 6
8046 3
8047 2
8048 9
8049 2
8050 3
8051 0
8052 4
8053 9
8054 2
8055 1
8056 3
8057 4
8058 4
8059 7
8060 2
8061 2
8062 3
8063 1
8064 0
8065 3
8066 2
8067 2
8068 2
8069 2
8070 3
8071 6
8072 3
8073 1
8074 4
8075 3
8076 0
8077 3
8078 2
8079 3
8080 1
8081 3
8082 1
8083 1
8084 4
8085 1
8086 4
8087 1
8088 6
8089 3
8090 7
8091 0
8092 2
8093 1
8094 3
8095 6
8096 5
8097 2
8098 2
8099 2
8100 4
8101 1
8102 1
8103 1
8104 2
8105 3
8106 1
8107 3
8108 1
8109 1
8110 0
8111 3
8112 8
8113 2
8114 2
8115 0
8116 6
8117 1
8118 2
8119 7
8120 2
8121 2
8122 4
8123 6
8124 1
8125 1
8126 7
8127 0
8128 6
8129 1
8130 2
8131 3
8132 1
8133 1
8134 2
8135 2
8136 2
8137 1
8138 2
8139 9
8140 1
8141 1
8142 2
8143 1
8144 1
8145 4
8146 3
8147 2
8148 1
8149 6
8150 1
8151 2
8152 2
8153 0
8154 1
8155 6
8156 2
8157 1
8158 8
8159 9
8160 6
8161 2
8162 2
8163 2
8164 1
8165 0
8166 7
8167 2
8168 0
8169 1
8170 1
8171 1
8172 1
8173 2
8174 4
8175 0
8176 3
8177 4
8178 0
8179 2
8180 3
8181 1
8182 1
8183 7
8184 2
8185 1
8186 4
8187 1
8188 2
8189 1
8190 1
8191 1
8192 1
8193 0
8194 2
8195 2
8196 2
8197 2
8198 1
8199 3
8200 2
8201 3
8202 1
8203 0
8204 0
8205 1
8206 1
8207 3
8208 2
8209 1
8210 2
8211 4
8212 3
8213 1
8214 2
8215 2
8216 1
8217 2
8218 3
8219 3
8220 3
8221 2
8222 6
8223 4
8224 8
8225 1
8226 2
8227 0
8228 3
8229 3
8230 0
8231 1
8232 8
8233 2
8234 0
8235 3
8236 9
8237 2
8238 9
8239 1
8240 1
8241 6
8242 7
8243 3
8244 7
8245 3
8246 2
8247 7
8248 1
8249 3
8250 0
8251 0
8252 0
8253 0
8254 3
8255 1
8256 1
8257 2
8258 7
8259 6
8260 3
8261 2
8262 2
8263 2
8264 2
8265 1
8266 3
8267 6
8268 4
8269 7
8270 3
8271 9
8272 2
8273 6
8274 1
8275 2
8276 1
8277 7
8278 3
8279 3
8280 0
8281 2
8282 6
8283 4
8284 0
8285 4
8286 7
8287 3
8288 3
8289 7
8290 0
8291 2
8292 9
8293 1
8294 2
8295 2
8296 4
8297 6
8298 0
8299 2
8300 4
8301 2
8302 3
8303 1
8304 0
8305 5
8306 3
8307 6
8308 2
8309 6
8310 1
8311 2
8312 6
8313 3
8314 3
8315 2
8316 3
8317 1
8318 0
8319 2
8320 1
8321 1
8322 3
8323 3
8324 1
8325 2
8326 1
8327 2
8328 8
8329 9
8330 1
8331 3
8332 1
8333 2
8334 2
8335 7
8336 3
8337 2
8338 3
8339 2
8340 2
8341 3
8342 2
8343 2
8344 1
8345 0
8346 9
8347 1
8348 2
8349 7
8350 2
8351 7
8352 0
8353 6
8354 2
8355 2
8356 2
8357 2
8358 2
8359 2
8360 2
8361 0
8362 0
8363 2
8364 1
8365 1
8366 1
8367 3
8368 2
8369 8
8370 1
8371 8
8372 0
8373 3
8374 1
8375 5
8376 4
8377 4
8378 0
8379 2
8380 2
8381 1
8382 4
8383 7
8384 5
8385 3
8386 3
8387 1
8388 1
8389 0
8390 2
8391 0
8392 3
8393 2
8394 1
8395 2
8396 6
8397 3
8398 1
8399 0
8400 3
8401 9
8402 6
8403 3
8404 3
8405 2
8406 7
8407 0
8408 1
8409 6
8410 2
8411 4
8412 1
8413 2
8414 1
8415 1
8416 2
8417 2
8418 7
8419 3
8420 2
8421 2
8422 1
8423 3
8424 3
8425 2
8426 3
8427 2
8428 3
8429 1
8430 4
8431 2
8432 2
8433 1
8434 0
8435 2
8436 3
8437 3
8438 3
8439 4
8440 7
8441 2
8442 1
8443 3
8444 2
8445 0
8446 1
8447 3
8448 2
8449 2
8450 8
8451 0
8452 2
8453 3
8454 6
8455 4
8456 3
8457 1
8458 3
8459 0
8460 1
8461 1
8462 3
8463 3
8464 2
8465 2
8466 6
8467 3
8468 4
8469 1
8470 3
8471 3
8472 7
8473 3
8474 3
8475 2
8476 1
8477 8
8478 3
8479 7
8480 2
8481 6
8482 2
8483 4
8484 3
8485 4
8486 3
8487 4
8488 2
8489 3
8490 1
8491 3
8492 3
8493 2
8494 2
8495 2
8496 3
8497 1
8498 3
8499 1
8500 0
8501 2
8502 1
8503 3
8504 5
8505 2
8506 6
8507 2
8508 0
8509 2
8510 7
8511 1
8512 1
8513 1
8514 1
8515 3
8516 5
8517 0
8518 2
8519 1
8520 1
8521 3
8522 3
8523 1
8524 5
8525 6
8526 3
8527 9
8528 9
8529 1
8530 0
8531 6
8532 4
8533 3
8534 2
8535 3
8536 1
8537 1
8538 2
8539 3
8540 1
8541 6
8542 3
8543 3
8544 2
8545 2
8546 4
8547 0
8548 3
8549 2
8550 2
8551 1
8552 3
8553 0
8554 4
8555 3
8556 3
8557 2
8558 7
8559 8
8560 3
8561 0
8562 9
8563 1
8564 2
8565 6
8566 3
8567 4
8568 1
8569 2
8570 2
8571 2
8572 2
8573 0
8574 2
8575 3
8576 1
8577 3
8578 3
8579 2
8580 1
8581 3
8582 4
8583 1
8584 3
8585 1
8586 6
8587 3
8588 6
8589 2
8590 1
8591 2
8592 3
8593 1
8594 2
8595 3
8596 3
8597 3
8598 2
8599 2
8600 2
8601 3
8602 2
8603 3
8604 2
8605 6
8606 1
8607 3
8608 6
8609 3
8610 0
8611 7
8612 5
8613 1
8614 3
8615 1
8616 1
8617 0
8618 1
8619 0
8620 0
8621 3
8622 2
8623 7
8624 2
8625 2
8626 2
8627 2
8628 1
8629 2
8630 3
8631 1
8632 1
8633 3
8634 3
8635 2
8636 5
8637 2
8638 2
8639 2
8640 0
8641 3
8642 2
8643 0
8644 2
8645 2
8646 2
8647 1
8648 1
8649 2
8650 1
8651 1
8652 3
8653 1
8654 1
8655 1
8656 3
8657 1
8658 2
8659 2
8660 0
8661 4
8662 3
8663 2
8664 2
8665 1
8666 0
8667 4
8668 2
8669 2
8670 1
8671 1
8672 3
8673 2
8674 2
8675 3
8676 3
8677 8
8678 0
8679 0
8680 1
8681 2
8682 3
8683 9
8684 1
8685 2
8686 1
8687 2
8688 3
8689 1
8690 3
8691 3
8692 1
8693 2
8694 1
8695 8
8696 8
8697 0
8698 7
8699 3
8700 6
8701 2
8702 2
8703 1
8704 9
8705 0
8706 3
8707 3
8708 2
8709 2
8710 1
8711 0
8712 1
8713 2
8714 6
8715 4
8716 4
8717 2
8718 2
8719 6
8720 3
8721 7
8722 1
8723 2
8724 1
8725 1
8726 9
8727 3
8728 1
8729 1
8730 0
8731 1
8732 9
8733 6
8734 3
8735 2
8736 1
8737 1
8738 1
8739 2
8740 2
8741 9
8742 3
8743 2
8744 1
8745 2
8746 1
8747 1
8748 2
8749 6
8750 2
8751 6
8752 9
8753 1
8754 7
8755 0
8756 1
8757 2
8758 3
8759 1
8760 1
8761 6
8762 0
8763 2
8764 1
8765 1
8766 3
8767 8
8768 2
8769 3
8770 4
8771 1
8772 3
8773 0
8774 3
8775 1
8776 0
8777 2
8778 3
8779 3
8780 6
8781 3
8782 2
8783 3
8784 9
8785 9
8786 1
8787 9
8788 1
8789 2
8790 1
8791 3
8792 1
8793 2
8794 1
8795 9
8796 3
8797 2
8798 2
8799 2
8800 3
8801 2
8802 5
8803 3
8804 2
8805 3
8806 7
8807 3
8808 2
8809 1
8810 2
8811 3
8812 6
8813 2
8814 3
8815 6
8816 3
8817 0
8818 3
8819 1
8820 3
8821 0
8822 3
8823 3
8824 2
8825 1
8826 1
8827 2
8828 2
8829 1
8830 6
8831 1
8832 4
8833 2
8834 0
8835 2
8836 3
8837 3
8838 2
8839 9
8840 2
8841 1
8842 1
8843 1
8844 1
8845 1
8846 3
8847 1
8848 1
8849 2
8850 0
8851 9
8852 1
8853 3
8854 9
8855 6
8856 3
8857 1
8858 0
8859 3
8860 1
8861 6
8862 3
8863 2
8864 4
8865 4
8866 1
8867 1
8868 7
8869 2
8870 1
8871 1
8872 2
8873 1
8874 1
8875 1
8876 3
8877 3
8878 1
8879 8
8880 1
8881 1
8882 1
8883 1
8884 3
8885 1
8886 3
8887 2
8888 5
8889 2
8890 2
8891 1
8892 3
8893 3
8894 1
8895 2
8896 3
8897 3
8898 2
8899 1
8900 2
8901 2
8902 3
8903 6
8904 3
8905 2
8906 2
8907 3
8908 1
8909 1
8910 3
8911 2
8912 2
8913 7
8914 3
8915 2
8916 1
8917 1
8918 4
8919 6
8920 9
8921 8
8922 7
8923 2
8924 3
8925 5
8926 3
8927 1
8928 1
8929 1
8930 3
8931 1
8932 9
8933 2
8934 3
8935 1
8936 1
8937 2
8938 3
8939 1
8940 3
8941 3
8942 1
8943 3
8944 0
8945 7
8946 1
8947 9
8948 3
8949 2
8950 7
8951 2
8952 1
8953 1
8954 6
8955 2
8956 1
8957 7
8958 1
8959 1
8960 0
8961 6
8962 3
8963 1
8964 3
8965 1
8966 1
8967 3
8968 1
8969 3
8970 1
8971 2
8972 3
8973 3
8974 2
8975 0
8976 2
8977 1
8978 8
8979 1
8980 1
8981 9
8982 3
8983 2
8984 6
8985 6
8986 2
8987 3
8988 2
8989 3
8990 2
8991 2
8992 3
8993 6
8994 3
8995 1
8996 1
8997 1
8998 1
8999 2
9000 2
9001 3
9002 3
9003 9
9004 7
9005 1
9006 5
9007 3
9008 2
9009 2
9010 6
9011 2
9012 2
9013 0
9014 6
9015 3
9016 0
9017 2
9018 9
9019 2
9020 7
9021 1
9022 3
9023 6
9024 6
9025 8
9026 1
9027 3
9028 1
9029 2
9030 8
9031 3
9032 2
9033 1
9034 1
9035 6
9036 2
9037 1
9038 2
9039 2
9040 3
9041 3
9042 2
9043 6
9044 1
9045 2
9046 6
9047 3
9048 6
9049 1
9050 3
9051 4
9052 1
9053 2
9054 1
9055 1
9056 3
9057 8
9058 1
9059 2
9060 1
9061 3
9062 2
9063 1
9064 3
9065 3
9066 3
9067 2
9068 1
9069 5
9070 2
9071 2
9072 9
9073 2
9074 6
9075 6
9076 0
9077 1
9078 3
9079 9
9080 1
9081 6
9082 2
9083 3
9084 6
9085 3
9086 6
9087 6
9088 2
9089 1
9090 0
9091 2
9092 3
9093 3
9094 2
9095 1
9096 7
9097 1
9098 3
9099 1
9100 3
9101 2
9102 7
9103 1
9104 2
9105 2
9106 2
9107 1
9108 7
9109 6
9110 2
9111 1
9112 3
9113 5
9114 7
9115 3
9116 2
9117 3
9118 2
9119 6
9120 1
9121 2
9122 7
9123 3
9124 1
9125 2
9126 3
9127 8
9128 3
9129 2
9130 3
9131 6
9132 2
9133 4
9134 3
9135 7
9136 0
9137 3
9138 2
9139 0
9140 1
9141 2
9142 2
9143 1
9144 4
9145 7
9146 3
9147 5
9148 1
9149 7
9150 1
9151 1
9152 6
9153 1
9154 2
9155 6
9156 3
9157 1
9158 3
9159 4
9160 1
9161 1
9162 2
9163 1
9164 3
9165 2
9166 3
9167 0
9168 1
9169 6
9170 1
9171 3
9172 1
9173 1
9174 2
9175 6
9176 4
9177 3
9178 1
9179 4
9180 1
9181 2
9182 2
9183 6
9184 2
9185 2
9186 2
9187 3
9188 6
9189 3
9190 1
9191 1
9192 1
9193 1
9194 3
9195 1
9196 7
9197 1
9198 3
9199 1
9200 4
9201 6
9202 2
9203 1
9204 3
9205 2
9206 3
9207 1
9208 2
9209 3
9210 2
9211 2
9212 2
9213 2
9214 3
9215 7
9216 2
9217 2
9218 3
9219 1
9220 1
9221 1
9222 1
9223 7
9224 0
9225 3
9226 1
9227 3
9228 1
9229 2
9230 2
9231 0
9232 1
9233 1
9234 3
9235 3
9236 2
9237 2
9238 8
9239 2
9240 1
9241 7
9242 3
9243 6
9244 6
9245 2
9246 0
9247 5
9248 3
9249 1
9250 6
9251 0
9252 2
9253 0
9254 0
9255 0
9256 2
9257 1
9258 4
9259 3
9260 0
9261 1
9262 7
9263 3
9264 1
9265 2
9266 6
9267 1
9268 3
9269 3
9270 4
9271 3
9272 0
9273 2
9274 3
9275 1
9276 9
9277 2
9278 2
9279 4
9280 2
9281 7
9282 1
9283 6
9284 1
9285 1
9286 0
9287 1
9288 2
9289 0
9290 3
9291 1
9292 2
9293 1
9294 3
9295 3
9296 6
9297 2
9298 1
9299 3
9300 1
9301 2
9302 2
9303 2
9304 6
9305 1
9306 3
9307 1
9308 1
9309 3
9310 6
9311 3
9312 2
9313 1
9314 0
9315 2
9316 3
9317 6
9318 2
9319 3
9320 1
9321 0
9322 6
9323 3
9324 3
9325 1
9326 9
9327 4
9328 3
9329 3
9330 2
9331 8
9332 6
9333 2
9334 2
9335 6
9336 6
9337 1
9338 1
9339 2
9340 0
9341 3
9342 3
9343 1
9344 3
9345 1
9346 6
9347 2
9348 3
9349 9
9350 6
9351 1
9352 8
9353 1
9354 9
9355 0
9356 8
9357 6
9358 3
9359 3
9360 1
9361 1
9362 0
9363 6
9364 1
9365 3
9366 4
9367 2
9368 1
9369 3
9370 3
9371 3
9372 1
9373 7
9374 3
9375 1
9376 3
9377 1
9378 6
9379 2
9380 2
9381 0
9382 0
9383 0
9384 3
9385 7
9386 1
9387 3
9388 2
9389 1
9390 4
9391 0
9392 1
9393 7
9394 2
9395 2
9396 3
9397 4
9398 2
9399 0
9400 3
9401 1
9402 1
9403 1
9404 1
9405 3
9406 1
9407 2
9408 3
9409 3
9410 1
9411 2
9412 3
9413 2
9414 6
9415 2
9416 9
9417 7
9418 4
9419 3
9420 3
9421 6
9422 1
9423 4
9424 2
9425 3
9426 2
9427 3
9428 6
9429 3
9430 4
9431 1
9432 3
9433 3
9434 3
9435 1
9436 2
9437 2
9438 3
9439 1
9440 6
9441 1
9442 6
9443 1
9444 7
9445 3
9446 2
9447 3
9448 1
9449 6
9450 1
9451 1
9452 3
9453 3
9454 1
9455 2
9456 1
9457 4
9458 1
9459 1
9460 6
9461 2
9462 1
9463 1
9464 2
9465 3
9466 1
9467 0
9468 1
9469 6
9470 2
9471 3
9472 3
9473 3
9474 6
9475 3
9476 3
9477 0
9478 2
9479 1
9480 3
9481 2
9482 3
9483 2
9484 6
9485 1
9486 4
9487 3
9488 6
9489 6
9490 6
9491 0
9492 3
9493 3
9494 4
9495 3
9496 1
9497 3
9498 2
9499 1
9500 6
9501 6
9502 3
9503 3
9504 3
9505 2
9506 3
9507 8
9508 2
9509 3
9510 2
9511 2
9512 1
9513 2
9514 7
9515 3
9516 3
9517 2
9518 1
9519 1
9520 3
9521 3
9522 4
9523 5
9524 5
9525 1
9526 3
9527 3
9528 1
9529 1
9530 2
9531 6
9532 1
9533 1
9534 3
9535 1
9536 1
9537 2
9538 8
9539 1
9540 2
9541 1
9542 2
9543 1
9544 3
9545 3
9546 3
9547 0
9548 0
9549 6
9550 3
9551 1
9552 3
9553 3
